50
115
90 40 40 90 50 100 60 50 100 50 90 30 30 40 50 70 100 60 30 50 80 70 100 60 70 40 70 40 100 80 80 70 80 30 30 90 40 60 50 100 60 70 60 90 30 80 70 40 100 80
910 350 350 810 530 1210 780 510 730 460 950 340 360 390 560 750 930 710 350 420 590 590 1050 570 510 320 890 360 1120 920 980 490 910 290 370 870 460 760 470 1060 440 760 480 850 280 1020 630 280 940 740
18 9 20 13 12 11 9 5 9 10 17 20 17 17 17 12 7 7 5 9 7 9 12 12 17 13 10 19 11 15 7 7 19 5 20 8 14 12 9 19 9 16 19 7 10 5 14 8 5 20 13 18 5 8 16 17 5 14 11 17 15 7 18 19 18 11 10 16 18 18 16 7 18 19 14 6 6 20 13 16 12 11 18 10 10 8 18 5 15 17 15 19 17 6 20 12 15 10 14 15 16 11 12 10 6 14 16 13 6 10 20 10 8 14 16
38 60 52 86 68 85 49 101 54 64 97 56 59 27 71 50 45 74 31 57 14 62 54 54 79 66 43 33 60 41 62 71 21 22 41 40 44 105 60 66 91 29 80 85 86 30 66 35 79 27
75 86 43 2 67 36 55 51 106 50 37 90 83 59 43 36 41 45 70 44 83 30 95 32 18 40 90 56 27 72 76 50 70 86 46 47 80 58 76 66 31 75 25 48 3 81 26 92 34 91
36 58 46 79 64 79 43 95 56 58 91 55 57 20 65 43 38 68 27 50 14 55 54 47 72 59 43 26 52 37 59 66 16 22 34 33 42 99 58 62 84 27 73 80 79 28 59 35 73 29
19 27 55 61 18 40 6 52 47 73 52 30 24 36 24 34 37 78 61 62 40 30 36 36 64 67 32 26 44 71 20 22 31 66 31 28 78 55 19 16 81 24 40 36 62 69 56 79 36 39
17 39 52 77 47 68 29 82 40 68 80 36 38 24 53 41 39 76 42 58 9 48 36 45 74 67 25 21 52 53 40 52 9 41 32 30 59 85 39 45 88 8 65 66 77 46 62 54 63 16
23 31 53 57 19 36 5 48 51 70 48 35 28 36 20 32 35 75 60 59 43 25 40 33 60 64 36 26 41 70 23 18 33 67 29 26 78 52 22 17 78 28 36 33 57 69 53 79 31 43
71 91 15 54 85 77 62 95 99 11 85 92 89 36 71 36 31 21 24 11 60 51 94 38 39 17 84 44 34 20 87 76 51 40 37 40 27 102 86 83 43 64 66 85 53 33 29 41 71 74
31 28 90 107 50 86 51 93 3 106 97 21 30 62 70 75 75 114 80 96 40 76 14 78 108 104 16 57 86 91 38 66 47 74 67 64 96 94 37 49 124 34 88 79 108 82 97 87 82 25
29 47 33 51 41 47 17 63 60 50 58 48 44 16 34 16 16 56 39 40 33 23 52 19 48 46 43 6 27 48 42 36 20 48 9 5 56 68 41 39 64 26 41 49 51 48 38 59 41 41
49 55 47 32 37 16 28 34 77 62 27 60 53 46 13 27 33 63 66 52 63 11 66 24 41 53 62 38 28 73 46 19 51 78 32 32 81 40 46 36 58 51 10 23 33 77 38 88 10 67
35 43 47 44 27 26 14 41 64 63 38 48 40 38 12 25 30 66 60 52 51 13 53 24 49 56 49 28 31 69 34 15 39 70 26 24 77 46 34 26 66 38 24 27 45 70 43 81 20 54
70 72 62 30 51 13 49 23 96 74 9 78 70 67 28 46 52 72 85 65 85 31 85 43 45 64 82 60 43 91 62 33 73 98 53 53 99 30 63 51 59 73 13 24 31 97 49 107 16 89
8 15 69 82 29 62 26 71 24 86 74 13 14 43 46 51 52 93 65 75 30 51 15 54 83 82 9 35 62 76 19 42 30 64 45 42 82 73 18 28 100 16 63 56 83 70 74 78 58 22
28 27 62 60 10 33 15 42 51 79 45 33 25 46 18 40 44 83 70 68 50 31 40 40 66 73 38 36 48 80 18 13 42 76 39 36 88 45 18 8 84 34 37 27 61 79 60 89 30 49
52 74 28 68 74 79 51 96 77 37 89 73 72 20 68 36 30 47 5 31 36 52 73 40 57 40 63 30 42 16 73 71 30 17 30 32 23 102 72 72 66 44 70 83 68 14 44 25 72 50
43 50 47 37 32 19 23 36 72 62 31 55 48 43 10 26 32 64 64 52 59 10 61 24 44 54 57 34 29 71 41 16 46 75 30 29 80 42 41 31 61 46 15 23 38 74 40 85 13 62
47 70 33 71 72 79 49 96 71 43 90 68 68 18 67 38 32 53 11 37 30 53 68 41 61 46 57 28 45 22 69 69 25 15 31 31 27 101 68 69 71 39 71 82 71 16 48 26 73 44
54 76 48 87 82 94 60 110 71 56 105 73 74 32 81 53 48 66 22 51 31 68 71 57 77 60 60 41 61 28 77 82 33 6 46 46 29 115 76 79 86 45 86 96 87 15 64 18 87 44
34 40 49 47 24 26 13 41 62 66 38 45 37 39 11 27 32 69 62 55 51 17 51 27 52 59 47 29 34 71 31 13 39 71 28 26 79 45 31 22 69 37 25 26 47 72 46 82 21 53
27 44 66 93 58 84 44 96 34 80 96 39 44 37 68 57 54 89 50 71 11 65 36 61 89 80 26 37 68 61 49 66 23 42 48 46 64 99 48 56 103 20 81 81 94 50 77 55 78 8
82 99 24 32 87 66 67 83 113 19 70 101 96 53 66 38 38 11 50 20 79 47 105 37 16 11 96 55 28 48 92 72 67 67 45 48 54 90 92 85 15 78 54 76 32 60 17 69 61 91
67 89 46 87 93 100 70 117 86 49 110 86 88 39 88 57 51 59 18 47 45 73 85 61 75 55 74 49 62 18 89 91 45 10 51 52 16 122 88 90 81 58 91 103 87 7 62 4 93 59
68 81 30 12 66 41 50 58 99 38 46 85 79 48 43 26 30 35 57 31 73 26 90 22 10 28 83 46 15 60 73 50 60 73 35 37 68 65 73 64 28 67 29 52 12 68 14 79 37 82
29 51 37 67 53 66 31 82 55 52 77 50 49 9 52 30 26 61 28 43 18 42 51 34 61 52 40 13 41 39 50 53 7 31 21 20 45 86 49 51 75 21 60 67 67 34 48 43 60 31
19 27 75 95 45 77 40 87 16 91 89 21 28 47 61 61 60 99 65 81 25 64 17 64 94 89 8 42 72 76 35 58 32 60 53 50 81 89 33 44 110 20 78 72 95 67 83 73 73 11
55 77 41 81 81 90 59 107 75 48 100 75 76 28 78 48 42 58 14 44 34 64 74 52 70 52 63 38 55 21 78 80 33 4 41 42 22 112 76 79 79 46 82 93 81 8 57 16 83 48
55 76 52 91 83 97 62 113 70 60 108 73 75 35 83 57 51 70 26 56 31 71 71 61 81 64 60 44 64 32 78 85 35 9 49 49 32 118 77 81 90 46 90 98 91 18 68 19 90 43
63 67 57 29 46 9 42 25 90 69 13 72 64 61 21 40 46 68 79 60 78 24 79 36 43 60 76 53 38 85 57 27 66 92 47 46 93 32 57 45 58 66 6 22 30 90 45 101 9 82
38 39 58 50 19 21 20 33 63 75 33 45 37 48 6 36 41 77 71 64 58 23 52 35 58 67 50 38 42 80 29 4 48 80 38 36 88 37 30 18 75 43 25 17 51 81 53 91 18 58
55 77 26 67 77 79 53 97 80 34 89 76 75 22 69 36 30 44 3 29 39 52 77 40 55 37 66 32 41 13 75 72 33 19 31 33 20 103 74 74 64 47 70 84 66 14 42 25 73 54
62 63 64 38 41 3 42 17 87 77 9 69 60 64 19 45 52 77 84 68 80 29 76 42 51 68 74 56 45 91 52 23 68 96 51 50 100 23 53 41 67 66 13 14 39 95 53 106 9 82
70 92 34 75 92 93 68 111 94 33 102 91 91 37 83 50 43 43 13 33 52 66 91 52 61 40 80 47 52 4 91 87 48 22 46 48 5 117 90 90 66 62 83 98 75 13 50 18 86 67
61 74 28 17 59 38 43 55 92 39 44 78 72 42 37 20 24 38 53 30 67 19 83 16 17 30 76 39 10 57 66 44 53 69 29 31 66 62 66 58 34 60 26 47 17 65 14 76 33 76
72 83 38 4 66 37 53 53 103 46 39 88 81 55 42 33 37 42 66 40 80 28 93 29 15 36 87 52 23 68 75 49 66 81 42 43 76 60 75 65 30 72 25 49 4 77 22 88 34 88
5 22 65 82 34 64 26 75 26 81 76 19 21 38 48 49 49 89 59 71 24 51 20 52 81 79 10 31 60 70 25 45 24 58 41 38 76 77 24 33 98 10 64 59 82 64 71 71 60 17
16 32 67 89 47 75 36 86 26 82 87 27 32 38 59 54 52 91 56 73 16 59 25 57 87 81 14 35 65 67 37 57 23 51 46 43 72 89 36 45 102 13 74 71 89 58 75 64 70 4
11 32 58 80 42 67 28 80 33 74 79 29 31 30 51 45 43 82 49 64 14 50 29 48 77 72 18 25 56 60 35 50 15 47 36 34 66 83 33 40 93 4 65 64 80 53 66 61 62 12
89 104 37 24 89 62 72 77 120 34 64 107 101 64 66 45 47 25 64 34 90 48 111 42 13 26 104 64 34 63 96 72 77 82 53 56 70 84 96 87 5 87 50 73 23 75 24 84 59 101
58 68 39 19 50 25 38 43 88 51 31 72 65 47 27 24 30 51 62 42 68 13 78 20 27 42 73 41 20 68 59 33 55 76 32 33 76 49 59 49 44 59 13 35 20 74 27 85 20 75
35 53 28 44 44 44 21 61 67 45 55 55 50 18 33 8 10 51 39 34 40 18 58 12 41 40 50 12 20 48 47 36 26 50 5 4 56 66 46 42 57 33 36 48 44 50 31 60 37 48
43 65 46 82 71 85 50 101 62 56 96 63 64 24 72 47 41 66 23 50 21 60 61 50 73 59 50 32 55 32 67 73 23 14 38 38 35 106 65 69 84 35 78 86 82 21 60 27 79 35
40 60 58 92 70 89 52 104 52 69 101 56 59 32 75 55 50 79 36 62 15 67 53 59 84 71 43 37 65 45 63 75 24 25 46 45 48 108 62 68 96 31 85 89 92 34 71 37 84 26
47 70 33 71 72 79 49 96 71 43 90 68 68 18 67 38 32 53 11 37 30 53 68 41 61 46 57 28 45 22 69 69 25 15 31 31 27 101 68 69 71 39 71 82 71 16 48 26 73 44
87 101 38 19 85 57 69 72 118 37 58 104 98 63 62 44 46 30 66 36 89 45 109 40 11 29 102 63 32 66 93 68 77 83 52 55 73 79 92 84 10 85 46 69 18 77 23 86 54 100
60 81 12 54 76 72 52 90 88 21 81 81 78 25 64 29 23 30 16 14 49 45 83 31 41 23 72 33 30 18 77 68 40 33 28 30 26 96 76 74 49 53 62 78 54 27 29 37 66 63
11 19 61 70 21 49 14 60 37 78 61 21 16 38 33 42 43 84 62 67 35 39 26 44 73 74 22 29 52 73 16 30 29 65 36 33 80 62 14 19 90 18 50 44 71 69 64 78 45 31
82 96 36 14 80 52 64 67 113 38 54 99 93 59 56 39 42 31 64 35 85 40 104 36 7 28 97 59 28 65 87 63 72 81 48 50 72 74 87 78 15 80 40 64 13 75 20 85 49 96
37 60 35 69 62 72 39 88 62 48 83 58 58 10 59 33 28 57 20 40 22 47 58 37 61 49 48 19 42 31 59 61 15 23 25 25 37 93 58 60 73 29 65 74 69 26 48 35 66 36
43 60 21 39 51 46 29 64 74 38 56 62 58 20 37 3 4 43 36 27 45 19 66 7 35 33 57 17 13 43 54 41 31 49 7 9 52 70 54 49 50 40 37 51 40 47 23 58 40 54
8 21 68 84 35 66 29 77 23 84 78 17 21 40 50 52 51 91 61 74 25 53 17 54 84 81 7 34 63 72 26 47 26 59 44 41 78 79 24 34 100 12 66 61 85 65 74 73 62 16
44 66 44 81 72 85 50 101 63 55 96 63 65 23 71 46 40 65 21 48 22 59 62 50 72 57 51 31 54 31 67 72 23 13 37 37 34 105 66 69 83 35 78 86 81 20 59 27 78 36
50 72 43 81 77 87 55 104 69 51 98 69 71 26 75 47 41 62 17 46 28 62 68 51 71 55 57 35 54 26 72 76 28 8 39 40 28 109 71 74 81 41 80 90 81 14 58 21 81 42
69 91 26 68 89 87 65 105 95 25 95 90 89 35 78 44 38 36 13 25 54 60 91 46 53 32 80 45 45 5 89 82 48 27 41 44 12 111 87 87 58 62 76 93 67 19 42 26 80 68
67 89 51 92 94 103 72 120 85 54 113 87 88 42 91 61 55 64 23 52 45 77 85 64 80 60 74 52 66 24 90 93 46 10 54 55 20 125 89 92 86 59 95 106 92 11 67 4 97 58
22 38 66 91 52 79 40 91 30 81 91 34 38 37 63 55 53 89 52 72 12 61 31 59 87 80 20 35 66 63 43 61 22 46 46 44 67 94 42 51 102 16 77 76 91 53 75 59 74 3
63 81 6 36 71 59 49 77 93 18 66 83 78 33 54 21 19 22 34 8 59 34 86 21 23 12 77 36 15 36 75 60 47 51 26 29 44 83 74 69 34 58 47 67 35 46 10 56 53 71
59 67 46 22 48 18 39 35 89 59 24 72 64 52 23 30 36 58 69 50 72 16 78 26 33 49 73 45 27 75 57 30 59 82 38 38 83 42 57 47 49 61 6 29 23 80 34 91 14 77
23 9 75 79 13 51 26 56 35 92 61 16 7 53 36 54 57 98 77 81 48 48 23 56 83 87 26 44 64 88 1 30 44 80 50 47 95 57 1 13 101 32 55 42 79 84 76 93 48 41
44 57 33 32 42 31 25 49 75 49 41 60 54 33 24 12 18 51 51 38 53 4 65 10 34 41 59 26 16 58 49 29 40 64 18 18 67 55 48 41 51 44 22 37 33 62 27 73 25 60
67 90 48 89 94 101 71 118 86 51 112 87 88 40 90 59 52 61 20 49 45 75 86 62 77 57 75 50 64 20 90 92 46 10 53 54 17 124 89 91 83 59 93 105 89 9 64 3 95 59
28 40 44 49 28 34 8 49 58 61 46 43 37 30 20 22 26 65 54 50 43 17 48 23 51 55 43 21 31 63 32 21 31 62 21 18 71 54 32 26 68 30 31 34 49 63 43 74 28 46
27 46 60 89 58 81 42 95 39 74 93 42 46 32 66 52 49 83 44 66 5 61 40 56 84 75 29 33 63 55 50 65 19 37 43 41 59 98 49 56 98 19 78 79 89 45 72 50 76 12
96 111 42 31 96 69 79 84 127 36 70 114 108 70 73 52 53 26 68 38 96 56 119 50 21 30 111 71 41 66 103 80 84 86 60 63 72 91 103 95 4 93 58 81 30 79 30 87 66 108
71 92 17 57 87 80 63 98 99 13 87 92 90 36 73 38 33 24 22 14 59 54 94 40 42 20 83 44 36 17 88 78 51 38 38 41 24 104 87 84 46 64 69 87 56 30 32 38 74 73
73 75 66 33 53 15 53 21 100 78 7 81 73 72 31 51 57 75 90 70 90 35 88 47 48 68 86 64 47 95 65 35 77 103 58 58 104 28 65 53 62 77 17 25 34 101 53 112 19 93
23 12 73 76 11 48 24 54 37 90 59 18 9 52 33 52 55 95 76 79 48 45 25 53 81 85 27 42 61 86 2 28 43 79 48 45 94 55 2 10 98 31 52 40 77 83 73 92 45 41
25 45 57 85 55 78 39 91 40 71 90 41 44 28 62 48 45 80 42 62 1 57 40 52 80 71 29 29 59 52 48 61 15 36 39 37 57 95 47 53 94 16 74 76 85 43 68 49 72 13
37 59 31 64 60 68 36 84 63 45 79 58 57 6 55 28 23 54 20 36 25 42 59 32 56 45 49 16 37 31 57 57 16 26 20 20 38 89 56 57 69 29 61 70 64 28 43 38 61 38
63 78 21 22 65 46 46 63 94 31 52 81 75 40 44 19 22 30 48 23 65 24 85 16 14 22 78 39 8 51 71 50 52 64 28 30 59 70 70 63 30 61 34 55 21 59 6 70 40 75
30 52 47 78 59 76 39 91 51 60 87 50 51 19 61 41 37 69 31 52 10 52 49 45 72 61 38 23 51 41 54 62 11 27 32 31 46 95 52 57 85 22 70 76 78 33 59 40 70 24
39 44 52 44 26 20 19 35 67 68 32 49 41 44 6 30 35 70 66 57 57 16 55 29 51 60 52 34 35 75 35 10 45 76 32 30 83 40 35 24 68 43 20 21 44 76 46 87 15 59
59 57 69 46 35 8 41 12 83 84 14 64 55 66 17 49 55 83 88 74 79 33 71 47 59 75 70 57 51 95 47 19 68 98 54 52 104 18 48 35 75 65 20 6 47 98 59 109 13 80
46 63 18 38 54 47 32 65 77 35 57 65 61 21 39 4 3 40 35 24 47 21 69 7 32 29 60 20 11 42 57 44 34 49 9 12 50 71 57 52 47 42 38 53 38 47 21 57 41 57
21 10 73 77 13 50 24 56 35 90 61 16 8 51 35 52 55 96 76 79 46 47 23 54 82 85 25 42 62 86 2 30 42 78 49 45 93 57 1 12 99 30 54 42 78 82 74 91 47 40
32 30 63 59 10 30 18 38 55 80 41 36 28 49 15 41 46 83 73 69 54 30 43 41 66 73 42 39 49 82 20 9 45 80 41 38 90 41 21 9 83 38 34 23 60 82 60 92 27 53
46 62 23 34 50 41 30 59 77 39 50 64 59 26 34 3 9 43 42 28 50 14 68 1 30 32 61 22 9 48 55 39 37 55 12 14 57 65 54 49 47 44 31 47 34 53 21 64 35 59
41 63 36 72 66 76 43 93 64 48 87 61 61 14 63 37 31 58 18 41 23 51 61 41 63 50 50 23 45 29 63 65 18 18 28 29 34 98 61 64 75 32 69 78 72 22 50 31 70 37
31 32 59 56 14 29 15 39 56 76 40 38 30 45 13 37 42 79 69 65 52 27 44 37 62 69 42 35 45 79 23 9 43 77 37 34 87 42 23 13 79 37 32 24 56 78 56 89 25 52
44 62 19 40 53 48 30 66 75 36 58 64 59 19 39 5 1 41 34 25 44 21 67 9 34 31 58 18 14 41 56 44 31 48 7 10 50 72 55 51 50 40 39 54 40 45 23 56 42 55
26 8 79 82 15 53 30 58 34 97 64 15 7 57 39 59 61 102 81 86 50 52 22 60 87 91 26 48 68 92 4 33 47 83 55 51 99 58 5 15 105 35 58 44 83 88 80 96 51 43
44 34 78 68 13 32 33 32 60 94 40 41 32 64 24 56 61 97 89 84 68 43 48 55 77 87 50 54 62 98 24 17 60 95 56 53 106 32 25 15 94 52 41 21 69 97 73 107 32 64
46 67 55 91 76 92 56 108 60 65 104 63 66 32 78 55 50 75 31 59 21 68 61 59 82 68 50 39 64 39 70 79 28 17 47 46 41 112 68 74 93 37 86 93 91 26 69 29 86 34
29 19 90 103 42 79 47 85 8 107 90 13 22 63 64 73 73 114 83 96 44 72 6 75 105 103 16 56 84 94 30 59 49 79 66 63 99 85 29 41 122 35 82 71 104 86 95 92 76 30
82 93 44 6 75 44 63 58 113 48 44 98 91 64 51 42 46 42 72 44 89 38 103 38 16 39 97 61 31 74 84 58 76 88 51 53 81 65 84 74 25 82 33 56 6 84 28 94 42 98
28 27 63 61 9 34 16 42 51 80 45 33 24 47 18 41 45 84 71 69 51 32 39 41 67 74 38 37 49 81 17 13 42 77 40 37 89 45 17 7 85 35 37 27 62 80 61 90 30 49
14 33 47 63 33 51 12 65 45 64 63 34 31 23 35 30 30 71 47 53 26 33 37 33 62 60 29 14 41 58 30 35 16 51 23 20 65 68 29 31 79 13 48 49 64 55 52 64 45 30
17 38 57 82 48 72 33 85 35 73 84 34 37 28 56 46 44 81 46 63 8 53 33 50 79 72 22 26 57 57 40 55 13 43 37 35 62 88 39 46 93 9 69 69 82 49 67 56 66 11
25 46 36 59 45 56 22 71 55 52 67 46 44 10 42 23 21 60 34 42 25 32 48 27 55 50 39 3 34 45 43 43 11 40 14 12 52 76 42 43 70 20 50 57 59 43 43 52 49 34
58 77 4 39 68 58 46 76 88 21 66 78 74 28 52 18 15 26 31 10 54 32 81 19 27 16 72 31 15 34 71 57 42 47 22 25 42 82 71 66 38 54 47 65 38 42 14 52 52 66
62 59 72 48 36 10 43 9 84 86 13 65 56 69 20 52 58 86 91 76 82 36 72 50 61 77 72 60 53 98 48 21 71 101 57 55 107 15 49 37 77 67 22 7 49 101 62 112 16 82
16 19 62 68 16 45 13 54 40 79 56 23 17 41 29 41 44 84 65 68 40 37 29 43 71 74 26 31 51 76 13 25 33 69 37 34 83 57 12 13 89 24 47 39 69 73 63 82 41 37
56 78 52 92 85 98 64 114 72 59 109 75 77 36 85 58 52 70 25 55 33 72 73 61 81 64 62 45 65 31 80 86 36 8 50 50 31 119 78 83 90 47 90 99 91 17 68 17 91 45
52 51 65 47 29 10 34 19 76 80 20 57 48 60 11 44 50 81 82 70 72 29 64 42 58 72 63 51 47 90 40 12 61 92 48 47 99 23 41 29 75 57 20 4 48 93 57 103 11 73
26 44 36 53 38 47 15 62 57 54 58 45 41 17 33 18 19 60 41 43 32 24 49 21 51 49 40 7 30 51 39 35 19 49 12 9 59 67 38 36 67 23 41 48 53 50 40 60 40 39
52 54 59 40 32 7 32 23 78 74 19 60 51 56 9 39 45 74 77 64 70 22 66 36 51 65 64 47 40 85 43 14 59 88 43 42 93 28 44 32 68 56 13 11 41 88 50 98 4 72
75 97 28 68 94 90 70 108 101 22 98 97 95 41 82 47 42 32 20 25 61 63 97 49 53 31 87 50 47 11 94 87 54 33 46 49 14 114 93 92 55 68 79 96 67 24 42 30 83 75
72 94 26 67 91 88 67 106 98 23 96 93 92 38 80 45 39 33 17 25 57 61 94 47 53 31 84 47 45 8 91 84 51 31 43 46 13 112 90 89 56 65 77 94 67 22 42 28 82 72
71 93 45 87 96 101 73 119 91 46 111 91 92 42 91 58 52 56 19 46 50 75 90 62 74 53 79 52 62 16 93 93 49 15 53 55 11 124 92 94 79 62 92 105 87 9 62 5 95 64
27 47 58 87 58 80 41 94 41 72 92 43 46 29 65 50 47 81 42 63 3 59 41 54 81 72 30 31 61 52 50 64 16 35 41 39 56 97 49 56 95 19 76 78 87 42 69 48 74 14
61 68 46 21 49 19 40 36 90 58 24 73 65 53 24 30 37 57 69 49 73 17 79 27 32 49 75 46 27 75 59 31 60 83 38 39 83 43 59 48 48 62 7 30 22 81 34 91 15 79
27 33 53 54 19 32 8 45 55 70 44 38 30 38 16 31 35 74 62 59 46 23 44 32 58 64 40 28 40 72 25 15 36 69 30 27 80 48 24 17 76 32 32 29 54 71 51 81 27 47
71 85 26 17 71 48 53 65 102 32 52 88 82 47 49 27 30 29 54 26 73 30 93 24 6 22 86 47 16 55 77 55 60 70 36 38 63 72 77 69 23 69 36 58 16 65 9 75 43 84
41 61 22 54 58 61 34 78 69 38 71 62 59 7 50 19 13 46 22 28 34 34 64 23 46 36 54 14 27 31 58 53 22 34 12 14 39 83 57 56 59 34 52 64 54 33 33 43 54 46
41 62 22 55 59 62 35 79 70 37 72 62 60 7 51 20 14 45 21 28 33 36 64 24 47 36 54 15 28 30 59 54 22 32 13 15 38 85 58 57 60 35 54 66 55 31 34 42 56 46
9 30 59 80 40 66 27 78 32 75 78 27 29 31 50 45 44 83 51 65 16 49 27 48 78 73 16 26 56 62 33 48 16 49 37 34 68 81 31 38 93 4 64 63 80 55 67 63 61 13
66 88 23 64 85 83 62 101 92 24 92 87 86 32 75 40 34 34 12 23 52 56 88 43 51 30 78 41 41 7 85 79 45 28 38 40 15 107 84 83 56 59 73 89 64 20 39 28 77 66
51 41 80 66 20 29 38 26 67 96 35 48 39 69 24 58 64 98 93 86 74 44 55 57 77 88 57 59 63 102 31 19 66 100 60 57 110 25 32 22 94 58 39 17 67 102 74 112 30 71
74 70 80 51 48 18 55 5 96 93 11 77 68 80 32 62 68 92 101 84 94 45 84 59 66 84 84 71 61 108 60 33 82 112 67 66 116 10 61 48 80 79 29 19 52 112 68 122 25 94
18 36 63 87 49 75 36 88 31 78 87 32 36 34 59 51 49 87 51 69 11 57 30 55 84 77 19 32 63 62 40 57 19 46 43 40 67 90 39 47 99 12 73 72 87 53 72 59 70 5
43 57 28 35 45 37 25 55 74 44 47 60 55 27 29 6 12 48 45 33 49 11 65 5 34 37 57 21 13 52 50 34 36 57 12 13 60 61 50 44 51 41 29 43 35 56 25 67 31 57
33 47 36 43 36 36 15 53 64 53 48 50 44 26 24 14 18 57 48 42 43 13 54 15 44 47 48 17 24 56 40 27 30 58 14 12 65 58 40 34 61 33 30 39 44 58 35 69 30 49
48 67 13 43 60 55 37 73 78 30 65 69 65 18 47 12 6 36 28 19 45 28 72 15 34 26 62 21 16 34 63 51 33 42 12 15 42 79 62 58 48 44 45 61 43 39 22 50 49 57
27 35 50 52 22 32 7 46 56 67 44 40 33 36 16 28 32 71 60 56 45 21 45 29 56 61 41 26 37 69 27 16 34 67 27 24 77 50 27 20 73 31 31 30 52 69 48 79 27 47
36 57 55 88 66 85 48 100 51 67 97 53 56 28 71 51 47 76 34 59 12 63 51 55 81 68 41 33 61 44 60 71 20 25 42 41 47 104 59 64 93 28 80 85 88 33 68 38 79 24
68 73 53 21 53 18 47 32 96 64 19 79 71 61 28 39 45 62 77 56 81 25 85 35 35 54 81 54 34 82 64 35 68 91 47 47 91 39 64 52 50 70 9 30 22 89 39 99 17 86
383
1 19
1 42
1 70
1 74
1 78
1 95
1 103
1 114
2 4
2 43
2 96
2 99
3 14
3 57
3 72
3 79
3 88
3 100
3 104
3 112
4 5
4 7
4 31
4 40
4 89
4 111
4 113
5 33
5 42
5 57
5 61
5 65
5 88
5 98
6 13
6 22
6 32
6 35
6 39
6 40
6 42
6 49
6 58
6 65
6 87
7 17
7 37
7 97
7 108
8 9
8 77
8 102
9 63
9 76
9 89
9 101
10 15
10 24
10 43
10 44
10 64
10 66
10 83
11 16
11 22
11 24
11 35
11 44
11 61
11 66
11 68
11 80
12 22
12 43
12 91
13 33
13 60
13 98
13 107
14 31
14 87
15 28
15 33
15 46
15 55
15 67
15 84
15 95
15 103
16 17
16 32
16 56
16 62
16 71
16 109
17 19
17 28
17 53
17 57
17 78
17 79
17 84
17 94
17 97
18 37
18 48
18 69
18 79
18 82
18 114
19 40
19 68
19 92
19 113
20 33
20 94
20 100
20 103
21 26
21 29
21 85
21 96
22 30
22 37
22 93
22 100
22 106
22 112
23 45
23 47
23 54
23 99
23 111
24 34
24 67
24 87
24 88
24 89
24 100
25 27
25 87
25 88
26 34
26 55
26 94
27 30
27 69
27 70
27 74
27 84
27 94
27 95
27 104
28 45
28 63
28 64
28 81
28 83
29 32
29 49
29 62
29 63
29 71
29 81
29 111
30 37
30 46
30 79
30 84
30 93
30 100
30 108
30 112
31 81
32 34
32 46
32 84
32 97
32 106
33 47
33 62
33 80
33 85
33 86
33 92
33 108
34 43
34 45
34 54
34 62
34 80
34 90
34 99
34 109
35 66
35 77
35 87
35 102
36 42
36 50
36 55
36 89
37 55
37 61
37 100
37 114
38 75
38 108
39 45
39 54
39 113
40 47
40 58
40 63
40 68
40 111
40 113
41 55
41 57
41 69
41 72
41 78
41 79
41 95
41 104
41 107
42 57
42 76
42 79
42 93
42 107
42 114
43 67
43 69
43 78
43 104
43 106
44 45
44 47
44 86
44 96
44 108
45 84
45 95
45 100
45 104
45 105
46 66
46 110
47 73
47 75
47 115
48 53
48 67
49 58
49 71
49 85
49 91
49 101
50 51
50 56
50 88
50 98
50 107
50 114
52 69
52 76
52 82
52 93
52 104
52 106
53 74
53 105
54 78
54 82
54 84
54 104
54 105
55 87
55 93
55 107
56 59
56 82
56 85
56 99
56 101
56 105
56 111
57 62
57 71
57 85
57 91
57 109
58 66
58 81
58 87
59 63
59 68
59 80
59 85
59 101
60 74
61 62
62 94
64 67
64 84
65 68
66 98
66 113
67 77
67 88
67 93
68 89
68 93
68 103
68 114
69 73
69 90
69 96
69 111
70 82
70 87
71 80
71 98
71 101
72 80
73 82
73 101
73 113
74 113
76 86
76 101
77 78
77 79
77 84
77 94
77 106
78 113
79 100
79 111
80 102
80 110
82 94
82 95
82 114
83 87
83 102
83 110
84 85
84 96
86 92
86 100
86 102
86 113
87 94
87 107
88 89
88 93
88 100
88 101
88 111
89 92
89 97
89 101
91 98
91 102
91 110
92 93
94 101
95 113
96 112
97 112
98 112
99 102
99 107
99 114
100 111
102 108
104 105
105 110
106 112
107 110
109 114
