75
172
80 50 40 60 60 50 70 100 90 50 90 50 90 30 50 80 70 60 70 40 90 80 100 80 60 50 30 30 50 40 90 60 30 90 50 80 50 90 40 30 80 40 30 60 100 40 30 30 40 100 70 50 60 60 50 40 30 50 60 90 30 50 30 100 60 60 80 60 80 40 100 70 50 50 100
590 540 390 460 440 600 670 1110 1020 360 740 370 680 210 510 750 610 780 870 360 880 910 1090 920 540 460 340 330 430 420 900 610 230 820 530 1040 550 1020 510 360 860 510 300 640 990 500 250 340 460 1230 850 480 620 520 460 460 390 460 770 950 280 360 360 760 600 760 790 570 640 440 770 810 630 450 1160
12 9 14 9 9 20 17 19 13 20 9 5 12 5 8 7 9 12 6 12 19 16 13 16 9 12 18 17 16 17 13 8 17 6 18 5 6 9 9 18 8 10 20 11 13 6 20 16 6 7 10 15 7 10 12 18 13 18 7 20 9 16 10 13 11 20 14 15 18 14 18 6 11 9 18 7 5 12 9 19 8 10 8 5 15 13 7 7 17 19 15 17 13 6 13 13 19 7 20 14 17 7 20 5 16 8 16 20 20 9 13 16 16 8 11 8 16 13 13 9 7 9 18 8 17 20 10 14 16 17 9 7 16 9 19 10 6 12 7 18 17 6 10 7 9 8 5 9 8 20 8 12 9 10 8 12 16 17 18 11 12 11 17 14 18 19 16 20 11 20 19 11
49 67 56 83 17 40 17 34 38 62 36 21 32 23 25 5 49 36 21 23 18 16 40 47 46 57 28 57 27 69 74 25 32 26 66 59 61 36 11 23 47 66 62 32 27 61 45 60 47 36 44 27 27 78 31 51 46 18 47 28 41 51 7 55 65 49 64 43 22 51 30 42 7 26 25
72 78 58 96 40 17 9 47 25 77 18 38 54 34 31 22 71 59 16 44 34 38 17 45 66 64 5 49 29 59 87 16 51 15 65 44 82 40 32 13 25 62 81 15 31 82 61 81 32 45 65 37 40 69 54 47 55 38 51 44 61 73 16 77 51 31 66 65 13 55 41 42 21 23 27
54 49 35 67 32 44 21 17 28 47 31 41 42 4 4 16 58 43 37 23 10 20 46 28 40 36 34 40 9 52 57 18 25 21 45 46 56 15 30 38 46 46 53 44 47 55 32 73 61 17 60 8 11 60 40 31 26 16 26 15 57 51 22 57 51 61 43 41 37 30 11 22 27 13 45
95 73 44 94 67 30 35 54 13 79 16 70 80 45 38 47 98 83 50 64 51 59 33 30 80 56 33 22 33 28 85 26 66 24 45 10 95 37 62 47 21 39 91 43 66 94 69 110 57 47 95 45 50 39 79 30 53 57 43 55 92 92 45 98 18 52 50 82 47 47 48 34 52 28 61
13 73 78 78 24 80 58 47 76 59 76 33 9 48 54 43 8 9 56 28 40 31 80 76 33 71 68 90 59 101 72 64 33 66 90 96 40 62 32 60 88 93 46 70 50 41 45 24 80 56 18 50 45 109 10 80 61 34 69 41 20 23 48 21 101 85 85 24 59 71 50 69 43 62 52
77 55 29 75 53 37 26 34 11 59 19 59 64 26 19 34 81 65 45 46 33 42 40 14 60 38 33 19 14 31 66 15 46 16 34 23 75 17 49 44 33 31 71 45 60 74 49 95 61 27 81 25 31 40 63 16 34 39 25 36 79 73 35 79 28 59 36 63 43 29 28 15 42 12 56
71 32 8 53 58 60 44 24 34 39 42 68 64 26 23 43 79 62 62 43 34 44 62 11 49 15 54 26 22 34 44 34 39 36 19 40 61 12 57 62 57 22 55 65 74 59 35 95 82 16 84 22 26 39 62 13 14 39 3 30 82 64 48 70 40 81 16 54 61 6 22 9 54 28 71
95 49 21 70 79 63 56 48 36 61 45 87 87 47 42 61 103 86 75 67 56 66 66 19 73 34 61 13 39 12 62 44 63 45 14 28 85 33 76 73 55 5 79 73 89 84 59 118 89 40 106 45 50 14 85 15 38 61 28 54 104 88 64 95 23 85 20 79 72 28 45 26 71 41 85
71 60 38 80 44 30 15 34 11 62 14 49 57 22 16 24 74 59 34 40 27 35 32 24 58 45 23 30 12 41 71 4 43 5 45 31 73 21 40 33 29 42 71 35 49 73 49 87 52 29 72 24 28 51 55 27 38 33 32 33 69 68 24 74 37 50 45 59 32 36 27 22 31 5 45
65 38 18 58 48 52 34 18 28 41 35 58 56 17 13 33 71 55 52 35 25 35 55 13 45 22 45 28 13 39 49 26 33 28 28 39 59 2 48 52 50 30 54 56 64 57 32 87 73 10 75 14 18 45 54 16 16 30 9 23 73 59 38 65 41 72 26 49 51 14 14 6 44 19 61
87 104 85 122 54 24 35 72 48 102 40 44 68 60 58 44 83 75 21 65 58 58 21 71 88 90 24 72 56 81 113 43 74 41 91 64 103 67 46 19 35 87 104 12 28 103 86 88 5 72 71 63 65 92 69 73 82 60 78 68 67 91 36 94 72 9 92 85 20 82 67 69 36 50 25
32 88 88 96 24 74 55 59 77 76 75 22 19 55 60 43 21 26 48 38 47 37 73 83 51 84 63 95 64 107 89 65 46 65 99 98 59 70 28 52 84 101 65 61 37 61 60 23 68 66 6 58 54 115 22 87 73 42 78 52 2 42 45 41 104 74 96 42 51 81 59 77 38 64 40
51 28 55 19 67 104 80 43 83 15 89 82 61 55 59 69 64 54 93 50 55 57 105 65 29 41 94 80 64 87 18 77 40 80 63 94 23 56 73 95 105 71 15 102 97 21 28 80 118 47 79 52 49 89 58 67 41 54 51 46 80 39 77 44 94 120 56 37 93 49 49 60 79 71 96
96 58 29 80 74 50 47 50 25 68 33 81 85 45 39 55 101 85 65 65 53 63 53 19 76 42 50 3 35 9 71 36 64 36 26 14 89 32 71 63 42 18 84 62 80 88 63 116 77 41 103 44 49 19 83 16 43 59 32 54 100 90 56 97 11 73 31 81 63 34 45 26 64 34 77
53 45 33 63 34 48 25 14 30 43 34 44 42 2 4 19 58 42 41 22 11 21 49 26 38 33 38 40 9 51 54 21 23 23 43 47 53 13 33 42 49 44 51 48 51 52 29 74 64 13 61 4 8 59 40 30 23 16 23 13 59 49 25 55 51 64 40 40 40 27 8 20 30 15 48
66 77 59 94 33 23 8 45 30 74 24 31 48 32 30 17 65 53 11 40 31 33 23 47 62 64 11 53 29 63 85 19 47 18 67 49 77 40 26 10 31 65 78 16 26 77 58 75 33 44 58 36 37 74 48 50 54 34 52 40 55 68 10 72 57 34 67 60 9 56 39 44 15 24 22
38 46 43 60 24 58 33 13 45 39 47 37 29 13 19 21 44 28 44 8 7 10 59 40 25 38 47 55 24 66 51 34 9 36 54 62 41 26 27 46 62 57 40 54 49 40 21 60 70 20 49 14 9 73 26 44 27 5 33 6 47 34 28 40 66 71 50 25 45 36 14 33 30 29 48
90 61 31 82 66 41 38 46 15 68 23 72 78 39 33 47 95 79 55 59 47 56 44 18 73 44 40 9 28 19 73 26 59 26 32 11 87 28 62 53 33 26 82 52 71 85 60 109 67 38 95 38 44 29 76 17 42 52 32 49 92 85 47 92 14 63 36 76 53 35 41 23 54 25 67
59 76 61 92 26 30 13 43 36 72 31 24 41 31 31 13 57 46 10 34 28 27 30 50 57 64 19 58 31 69 83 24 43 24 70 56 72 41 18 12 39 69 73 21 21 73 55 67 36 44 51 35 36 79 41 53 54 29 53 38 47 62 6 65 63 38 69 54 11 57 38 46 7 27 18
96 85 58 105 65 16 31 61 20 89 14 65 80 50 44 46 97 83 41 66 54 60 19 43 86 69 23 38 40 44 96 27 70 25 60 25 101 47 59 37 5 55 98 31 57 100 77 108 43 56 92 51 56 55 79 44 64 59 55 61 88 95 42 100 33 37 64 86 37 59 55 45 48 33 52
58 17 22 36 54 73 52 17 50 20 56 67 56 28 29 46 68 52 68 36 33 40 75 30 33 10 64 45 32 53 27 46 28 48 32 59 43 22 56 69 72 38 37 75 77 42 18 85 92 15 77 24 24 56 53 32 6 35 16 24 76 49 53 56 59 92 26 41 68 14 21 25 57 39 75
54 38 27 56 39 54 32 9 34 37 39 50 46 8 9 26 61 45 48 25 16 25 56 24 36 25 45 38 13 49 47 27 22 29 38 48 50 9 39 49 54 40 46 55 58 49 24 77 72 5 65 4 8 56 43 27 15 20 17 12 64 48 33 55 51 72 34 39 48 20 4 16 38 20 56
44 46 40 62 26 53 28 13 38 41 41 38 33 7 13 17 49 33 41 13 3 12 54 35 31 37 42 49 18 60 53 28 15 30 51 56 46 21 27 42 56 53 45 50 48 46 25 64 66 17 52 9 6 68 31 39 26 7 30 7 51 40 25 46 60 67 47 31 41 33 10 28 28 23 46
81 87 66 106 48 9 19 57 29 87 21 44 63 44 41 32 79 68 18 54 45 48 8 52 77 73 6 53 38 62 97 25 61 23 72 45 92 49 40 14 20 68 92 8 33 92 72 88 24 55 71 48 50 73 63 54 65 48 60 54 68 83 25 87 53 22 73 75 15 64 51 51 29 32 29
44 33 33 47 37 65 41 4 46 27 51 51 40 16 21 32 52 36 55 19 17 23 66 35 23 26 55 50 25 60 39 39 12 41 45 61 37 22 40 57 66 49 34 64 62 36 12 69 80 12 60 14 10 66 37 38 16 18 24 8 59 37 39 44 63 81 40 27 55 26 10 28 42 32 60
35 67 62 79 4 54 31 34 51 58 50 17 17 28 33 17 34 22 32 16 20 11 54 56 38 59 42 68 36 80 71 39 26 40 73 71 51 43 8 35 61 74 54 45 31 52 40 46 57 40 32 32 28 88 17 60 48 16 52 27 29 38 21 41 77 61 70 32 34 56 33 50 17 38 31
83 81 58 101 51 8 18 53 20 82 11 50 66 41 36 33 83 70 26 54 43 48 11 43 75 66 8 43 33 52 92 19 60 16 63 35 91 42 44 23 13 59 90 18 42 91 68 93 33 50 77 43 47 63 66 45 59 48 53 51 73 83 28 88 43 30 65 75 23 57 47 43 33 26 38
45 77 69 90 12 48 28 44 51 69 48 8 26 35 38 18 41 32 22 28 28 22 47 61 50 68 36 71 40 82 82 38 38 39 79 71 63 49 4 26 56 79 66 36 19 64 52 50 46 48 33 39 37 92 27 64 57 26 59 37 30 50 18 52 78 51 77 44 25 63 41 55 11 39 19
27 43 50 52 30 73 48 20 59 31 62 44 26 27 33 34 36 21 57 13 22 20 74 51 10 42 61 67 38 77 45 49 6 51 62 76 26 38 36 59 77 66 26 68 59 25 15 53 83 29 46 27 22 83 23 55 32 18 41 16 46 20 42 27 79 85 56 11 58 42 25 44 42 44 59
64 16 16 37 59 74 54 22 49 24 56 72 62 31 31 49 74 59 71 42 37 45 76 27 40 4 66 41 33 48 28 47 35 49 26 56 49 23 61 72 71 33 42 77 81 47 25 91 94 18 83 27 28 51 59 28 8 40 13 29 82 55 56 62 55 93 19 47 71 10 24 23 61 40 79
74 13 18 34 70 82 64 33 56 27 64 83 73 42 41 60 84 69 82 53 48 56 84 32 48 8 75 44 42 48 26 56 45 58 23 59 55 32 72 82 79 31 47 86 92 53 34 101 103 28 93 38 39 48 70 32 19 51 21 40 92 64 66 71 57 102 16 56 81 16 35 30 71 49 89
23 50 68 48 48 97 72 42 83 34 86 62 37 51 57 58 36 29 79 36 47 43 98 72 15 56 85 88 62 97 44 73 30 75 78 98 6 59 55 82 101 84 15 91 78 8 29 51 105 50 52 50 45 102 35 75 49 42 60 40 54 11 65 15 101 108 72 16 81 60 47 66 64 68 79
70 73 53 92 39 20 5 43 22 72 16 38 53 30 27 20 70 57 19 42 31 35 21 40 63 59 9 45 25 55 83 12 48 11 61 41 79 35 32 17 25 58 78 19 34 78 57 81 36 41 65 33 36 66 53 43 51 35 47 40 61 70 15 75 49 35 61 62 16 51 37 38 21 18 30
57 64 49 82 27 33 8 32 28 62 26 31 41 19 19 7 58 45 22 28 18 22 34 39 50 52 21 47 19 59 73 15 35 16 58 48 66 29 22 22 38 57 65 29 33 66 46 70 45 32 55 23 25 68 40 42 42 22 41 28 52 57 7 62 55 46 57 49 21 45 27 34 14 16 30
68 20 50 1 80 108 86 48 84 20 91 94 76 61 64 78 81 69 101 61 64 68 110 63 44 36 99 76 67 81 8 81 52 83 55 91 41 57 85 103 107 63 33 109 107 39 37 98 126 50 95 57 56 80 73 64 41 64 49 54 96 56 85 62 89 126 48 53 101 46 54 59 88 74 106
60 77 62 94 27 30 13 44 36 73 31 24 42 32 32 15 58 47 9 36 29 29 29 51 59 65 18 58 32 69 85 24 44 24 71 56 74 43 19 11 38 70 75 20 20 74 57 68 34 45 51 36 37 79 42 54 55 31 54 39 47 63 7 66 63 37 70 56 9 58 39 47 8 28 17
35 39 42 51 31 66 42 11 51 30 54 45 31 19 25 30 44 28 53 12 16 18 68 43 17 35 55 58 30 68 43 42 4 44 53 67 32 29 35 55 69 57 31 63 58 32 13 61 79 20 52 18 13 74 28 46 24 14 33 8 51 29 38 36 70 80 48 20 54 34 16 35 39 36 57
64 23 13 43 56 67 48 19 42 29 50 68 60 26 26 45 73 57 66 40 33 42 69 21 41 8 60 36 27 44 34 41 33 43 24 50 52 16 57 66 65 30 46 71 76 50 26 90 88 13 81 22 24 47 58 23 6 37 7 26 79 56 51 63 50 87 19 47 65 5 20 17 56 34 74
68 90 74 106 35 29 23 57 44 86 37 26 49 45 44 27 64 56 4 47 41 40 27 62 70 77 20 67 44 78 97 34 56 33 82 63 85 55 27 6 40 80 86 14 13 85 69 71 23 58 54 49 49 88 50 65 68 42 66 51 50 72 20 75 70 27 82 66 6 70 52 59 18 39 9
93 43 16 63 78 67 58 46 40 56 49 88 86 47 42 62 101 84 77 65 55 65 70 19 70 29 65 19 40 19 56 47 61 48 7 34 81 32 77 76 60 1 74 77 91 79 55 117 93 38 105 44 48 19 84 16 35 60 25 52 103 85 65 92 30 90 14 76 75 24 44 25 72 42 87
79 63 37 83 52 29 21 39 3 66 10 56 65 29 23 32 82 67 39 48 35 43 31 23 65 47 25 24 18 35 74 11 50 10 42 23 80 25 47 37 25 38 77 37 54 79 55 95 53 34 80 30 35 45 64 25 41 41 33 40 77 76 31 82 29 50 44 67 37 37 33 23 39 12 51
97 50 22 70 80 64 57 50 37 62 45 88 89 49 44 62 104 88 76 68 57 67 66 20 75 36 62 14 40 12 63 46 65 46 14 28 87 34 78 74 56 6 80 74 90 85 60 120 90 41 108 46 51 13 86 17 40 63 29 55 105 90 65 97 23 86 21 80 73 29 47 27 72 42 86
105 54 28 73 89 72 66 58 46 67 54 98 98 58 53 72 113 96 85 77 66 76 75 30 82 41 71 22 50 15 66 55 73 56 18 34 93 43 87 83 63 12 86 83 99 91 67 129 98 49 117 55 60 8 95 26 47 72 37 64 115 97 74 104 27 94 25 88 83 36 55 36 81 51 96
66 66 47 85 36 26 4 36 20 65 17 38 50 23 20 16 67 53 23 36 25 30 27 35 57 52 16 41 18 52 76 8 41 8 55 40 73 29 30 22 30 53 71 26 37 72 51 79 43 34 63 26 29 63 49 38 44 29 40 33 60 65 13 70 47 43 55 56 21 44 30 32 21 12 34
25 57 58 67 14 64 40 27 56 46 57 29 14 27 33 25 29 13 44 7 19 10 65 55 24 52 52 69 38 80 59 44 15 46 69 75 38 41 21 48 70 72 40 57 45 38 29 45 70 35 34 29 24 88 11 59 41 13 48 21 33 26 32 30 80 74 65 19 46 51 29 48 30 41 45
1 67 77 70 33 88 64 47 81 53 82 43 18 51 57 49 12 12 65 30 43 35 88 77 27 68 76 92 62 103 65 69 32 71 88 99 30 63 41 69 95 93 37 79 61 31 40 28 90 55 29 52 46 109 17 81 59 37 68 42 31 13 55 10 104 95 83 18 68 69 50 70 51 66 62
83 96 76 114 49 17 26 64 40 94 32 41 64 52 49 37 79 70 16 59 51 51 14 62 81 82 16 64 48 73 105 35 67 33 82 56 97 58 41 12 29 79 97 4 27 97 78 86 13 64 69 55 57 84 64 65 73 53 69 60 65 86 29 89 64 14 83 78 14 74 59 61 30 41 23
30 42 47 52 29 70 46 17 56 31 59 44 27 24 30 32 39 23 55 11 20 18 71 48 13 39 59 64 35 74 44 46 3 48 59 73 28 34 35 57 74 63 28 66 58 28 14 55 81 26 48 24 18 80 24 52 29 16 38 13 47 23 40 30 76 83 54 14 56 40 22 41 40 41 57
70 16 14 37 65 77 59 28 51 27 59 78 69 36 36 55 81 65 76 48 43 51 79 28 45 3 70 40 37 46 28 50 41 52 22 55 54 26 67 77 74 29 47 81 86 52 31 97 98 23 89 32 34 47 66 28 14 46 16 35 88 61 61 68 54 97 15 53 75 11 30 25 66 44 84
62 95 83 109 30 43 34 61 57 88 51 17 43 51 52 32 55 50 17 47 45 40 42 73 69 84 35 80 53 90 101 46 57 46 92 77 82 63 24 21 54 91 85 28 1 83 71 59 32 64 42 55 54 101 44 76 74 44 74 55 38 68 27 69 84 38 91 63 21 78 57 68 21 50 6
6 72 83 73 38 94 70 53 87 56 88 48 23 57 63 55 12 18 71 37 49 41 94 83 31 73 82 98 68 109 68 75 38 77 94 106 31 69 46 75 101 98 39 85 66 33 45 26 95 61 30 58 52 115 23 87 64 44 74 48 33 16 61 10 110 100 89 23 74 75 56 76 57 72 67
100 68 38 89 76 44 45 56 22 76 28 80 88 49 42 56 104 89 62 69 56 66 47 26 82 51 46 12 38 15 81 35 69 34 36 4 96 38 71 60 34 28 91 57 78 95 70 118 71 48 104 48 53 25 86 24 51 62 40 59 101 95 56 102 5 66 41 86 59 43 50 32 63 35 74
84 72 46 92 55 20 21 48 7 75 2 57 69 36 31 35 86 72 36 53 41 48 23 32 72 56 20 30 26 39 83 14 57 12 51 23 88 34 49 34 16 46 85 31 52 87 63 98 46 43 82 38 42 50 68 33 50 46 43 47 79 82 32 88 31 42 53 73 33 47 41 33 39 19 48
107 71 41 92 84 51 54 62 31 81 37 89 96 56 50 64 112 97 71 77 64 74 54 32 89 55 54 16 45 11 84 43 76 43 37 11 102 45 80 68 41 29 97 65 86 101 76 127 78 54 112 55 61 20 94 29 56 70 45 66 110 102 64 109 4 73 43 93 68 47 57 38 71 43 82
54 54 40 72 29 40 16 22 28 52 29 37 40 9 9 11 57 42 32 23 11 19 42 31 43 42 30 43 11 54 62 16 27 18 50 47 58 20 26 33 43 50 57 39 42 58 36 71 55 22 57 13 15 63 39 35 32 16 31 19 55 52 16 58 52 56 48 43 31 35 16 26 22 13 40
45 74 66 88 11 46 26 41 48 67 45 11 26 32 35 15 42 32 21 26 25 19 45 58 48 65 34 68 37 79 80 35 36 36 76 69 62 46 3 25 54 76 64 35 21 62 50 52 47 45 35 36 34 89 27 61 54 23 56 34 32 49 15 52 75 51 74 43 24 60 38 52 9 36 21
7 64 77 65 40 94 70 48 85 49 87 51 26 54 60 55 19 19 73 35 47 40 94 79 24 67 82 94 65 105 60 74 34 76 89 103 23 65 48 76 100 93 31 86 69 25 39 34 98 57 37 54 49 111 25 82 59 42 69 44 39 9 61 2 107 102 83 17 75 70 52 72 58 70 70
82 100 81 117 48 23 30 67 46 97 38 39 63 55 53 39 78 69 16 60 53 53 21 68 83 86 21 70 52 79 108 40 68 38 88 62 98 63 40 13 35 85 99 9 24 98 81 83 10 67 66 59 60 90 64 70 77 55 74 63 62 86 31 89 70 14 89 79 15 78 62 65 31 46 20
52 60 47 76 23 39 14 27 31 56 31 30 36 15 16 4 53 39 26 22 12 16 40 38 44 48 28 49 18 60 67 19 29 20 57 51 59 27 20 28 44 57 59 35 35 59 40 66 51 28 52 19 19 69 35 42 38 16 38 22 49 51 10 56 57 52 55 43 26 42 22 33 15 18 33
11 73 79 78 26 82 60 49 78 59 78 35 11 50 56 45 6 10 58 30 42 32 82 78 33 72 70 92 60 103 72 66 34 67 91 98 39 64 34 62 90 94 46 72 52 41 45 23 82 57 19 52 47 110 12 81 62 36 70 43 21 22 50 20 103 87 86 24 61 72 51 71 45 64 54
14 56 63 61 26 78 53 33 68 42 69 40 16 37 43 38 23 9 57 17 30 23 78 63 16 55 66 78 48 89 55 57 18 58 74 86 26 49 34 61 83 79 31 70 56 27 28 40 83 41 35 38 32 95 13 67 45 24 54 27 35 13 45 17 90 87 69 8 59 55 36 56 43 53 57
56 21 22 39 51 70 49 14 47 22 54 64 54 25 26 43 66 50 65 34 30 37 72 29 32 12 62 44 29 53 30 43 26 45 33 57 43 20 53 66 69 38 37 72 74 41 17 83 89 12 74 21 21 56 51 31 4 32 15 21 73 47 50 54 58 89 27 39 65 14 17 23 54 36 72
52 21 27 37 49 73 51 13 51 18 57 63 50 26 28 43 62 46 66 31 29 35 75 34 27 16 64 49 32 58 28 46 23 48 38 62 38 24 52 67 73 44 32 74 74 36 12 79 90 15 71 22 21 62 48 36 9 31 20 20 70 42 50 49 63 91 32 34 66 20 18 28 54 39 72
56 22 50 13 69 102 80 41 81 12 87 84 65 54 58 69 69 58 93 51 55 58 104 61 33 36 93 75 61 82 11 75 42 78 58 90 29 53 75 95 102 65 21 102 98 27 28 85 118 44 83 51 48 83 62 63 37 54 47 45 84 44 77 50 89 119 50 41 93 44 47 56 79 69 97
64 67 49 86 34 26 2 36 22 66 19 36 48 23 21 14 65 52 21 35 24 29 27 37 57 54 15 44 19 55 76 10 41 10 57 43 72 30 28 21 31 55 71 25 35 72 51 77 42 35 61 27 29 65 47 40 45 28 41 33 58 64 11 69 49 42 57 56 19 46 30 34 18 14 31
65 28 12 48 54 62 44 19 37 33 45 65 60 23 22 41 73 57 62 38 31 40 65 17 43 12 55 32 22 41 39 36 33 38 24 45 55 12 54 62 60 28 49 66 73 53 28 90 83 11 80 19 22 45 57 19 8 35 3 25 78 57 47 64 46 82 19 48 61 5 18 12 52 29 70
25 57 58 67 14 64 40 27 56 46 57 29 14 27 33 25 29 13 44 7 19 10 65 55 24 52 52 69 38 80 59 44 15 46 69 75 38 41 21 48 70 72 40 57 45 38 29 45 70 35 34 29 24 88 11 59 41 13 48 21 33 26 32 30 80 74 65 19 46 51 29 48 30 41 45
65 7 37 15 71 95 74 37 71 13 78 85 69 49 51 66 77 63 89 52 52 58 97 49 39 23 86 63 54 68 6 68 43 70 43 77 41 44 75 91 93 51 32 97 97 39 28 94 113 37 89 45 44 68 66 50 28 53 36 43 89 53 74 60 76 113 36 48 89 32 42 46 77 61 95
80 59 32 79 55 34 27 38 7 63 16 60 67 29 23 35 84 68 45 49 36 45 37 17 64 42 31 19 18 30 70 15 50 16 36 20 79 22 51 43 30 32 75 43 60 78 53 98 59 31 83 29 35 40 66 19 38 42 29 40 81 76 36 82 25 56 39 67 42 33 32 19 43 14 56
93 106 85 125 59 21 37 75 48 105 39 50 74 62 60 48 88 80 26 69 61 62 18 71 92 92 25 71 57 79 115 44 77 42 91 61 107 68 51 23 31 87 108 14 34 107 89 94 7 74 77 66 68 90 74 73 83 64 79 71 73 96 40 99 69 3 92 89 24 83 69 70 41 51 31
23 45 54 52 31 77 53 25 64 32 67 46 25 32 38 39 33 19 60 17 27 24 78 56 7 45 66 72 44 82 45 54 11 56 66 81 21 43 38 63 81 70 23 72 62 22 17 50 86 34 45 32 27 88 22 60 36 23 46 22 45 15 46 22 84 89 60 6 62 47 30 49 45 49 62
59 23 52 10 73 106 83 45 84 15 90 88 68 57 61 73 72 61 96 55 59 62 107 64 36 38 96 78 65 84 11 79 45 81 59 92 32 56 78 98 106 67 23 105 102 30 31 88 122 48 87 54 52 84 65 65 40 58 50 49 87 47 81 52 92 122 52 45 97 47 51 59 83 72 101
48 21 43 24 57 90 67 29 70 4 75 72 53 42 46 57 60 47 80 39 42 45 92 52 22 29 80 67 50 75 17 64 29 66 52 80 25 42 62 82 91 59 16 89 85 23 15 77 105 33 73 39 36 77 50 54 27 42 38 33 73 36 64 43 81 106 45 31 81 36 35 46 66 57 84
7 61 73 62 37 90 66 44 81 46 82 49 24 49 56 51 20 16 69 30 43 36 91 75 20 63 78 90 61 100 57 70 29 71 84 98 21 61 45 73 96 89 29 82 66 23 35 36 95 52 37 50 44 106 22 78 54 37 64 39 38 5 58 4 102 99 78 13 72 65 48 68 55 66 68
44 80 72 92 12 50 32 46 54 71 51 4 25 38 41 22 39 32 24 30 31 24 49 64 51 71 39 74 44 86 84 42 39 42 82 75 64 52 7 28 60 83 67 38 19 64 54 47 48 51 30 42 40 95 26 68 60 28 63 39 26 50 21 51 82 52 80 45 27 66 44 59 14 43 20
24 70 70 79 10 66 44 40 64 59 63 21 5 38 43 30 22 12 42 20 29 19 66 66 35 65 54 79 47 91 72 51 28 52 81 83 46 52 18 46 74 84 50 56 38 47 42 34 67 47 21 40 36 99 6 70 54 24 60 33 20 30 34 32 89 72 77 27 45 63 41 59 29 49 39
42 33 35 47 36 66 42 6 48 26 53 50 38 17 23 32 50 34 55 18 18 23 68 37 21 28 56 53 27 63 38 40 10 42 47 63 35 24 40 57 68 51 32 65 62 34 10 67 81 14 59 15 11 68 35 40 17 18 26 8 57 34 40 41 66 82 42 25 56 28 12 30 42 34 60
37 31 43 39 42 78 54 18 61 18 65 56 39 30 35 43 48 33 66 24 29 30 80 48 11 32 68 63 40 72 32 52 14 55 54 74 23 35 47 68 80 59 19 76 70 22 4 65 91 25 59 28 23 77 36 50 24 27 35 19 59 27 50 34 76 93 48 19 67 35 24 41 52 46 69
67 6 36 15 72 96 75 38 71 15 78 87 71 50 52 68 79 65 91 54 54 59 98 49 41 23 87 62 54 67 7 69 44 71 42 77 43 45 76 92 94 50 34 98 98 41 30 96 114 38 91 46 45 67 68 50 28 55 36 44 91 55 75 62 76 114 35 50 90 32 43 46 78 62 97
53 14 37 22 59 88 66 28 66 3 72 74 57 40 44 57 65 51 80 41 42 47 90 47 27 24 79 62 47 69 14 61 31 64 46 76 31 39 64 82 88 53 23 88 86 29 16 82 105 30 77 37 35 71 54 49 23 42 33 32 77 42 64 48 76 105 39 36 80 31 33 42 67 54 85
82 63 36 83 56 30 25 41 3 67 12 60 68 31 25 35 85 70 43 51 38 47 33 21 67 46 28 21 20 31 74 14 52 14 40 19 82 25 51 41 25 36 79 40 58 81 56 98 56 35 84 32 37 42 67 23 42 44 33 42 81 78 35 84 26 52 43 69 40 37 35 23 42 15 54
25 84 86 90 24 78 57 56 78 71 77 26 15 54 59 44 14 20 51 35 45 35 77 82 45 80 66 95 63 106 84 65 42 67 97 98 53 68 30 56 86 100 59 65 42 54 55 20 73 63 6 56 52 114 17 86 70 40 76 49 7 36 47 34 104 79 93 36 55 79 56 75 40 65 45
40 33 55 29 57 97 73 36 79 16 84 72 50 48 53 61 53 43 84 40 47 47 98 63 18 42 86 78 58 87 25 71 31 73 65 91 13 52 63 86 99 71 4 94 87 11 21 69 110 42 68 46 42 89 47 65 38 45 49 38 69 28 69 34 92 112 58 26 85 48 43 57 69 65 86
40 30 51 29 55 93 69 33 75 13 80 69 49 45 50 58 53 42 81 38 44 45 95 59 17 38 83 74 54 83 24 67 28 70 61 87 16 48 61 83 95 68 7 91 84 13 17 70 107 38 67 42 38 86 46 61 34 42 45 34 68 28 65 34 88 108 54 25 82 44 39 53 66 61 84
77 40 12 61 60 54 41 31 27 48 36 70 69 29 24 44 84 68 60 48 37 47 57 3 56 24 49 17 22 26 53 31 45 32 18 31 69 14 59 59 50 17 64 61 73 68 43 100 78 22 88 26 31 33 67 4 23 43 12 35 86 71 47 78 31 76 19 61 58 15 27 7 54 25 70
91 61 32 83 67 41 38 47 16 69 23 72 79 40 34 47 95 80 56 60 48 57 44 19 74 45 40 9 29 18 74 27 60 27 33 10 88 29 63 54 33 26 83 52 71 86 61 110 67 39 95 39 45 29 77 18 43 53 33 50 93 86 48 93 14 63 37 77 53 36 41 24 55 26 67
57 65 50 82 27 33 8 33 28 62 26 30 41 20 20 7 58 44 21 29 19 22 33 40 51 53 21 48 20 60 73 16 35 16 59 49 66 30 21 22 38 58 66 28 32 66 46 70 45 33 54 24 25 69 40 43 43 22 42 28 51 57 6 62 55 46 58 49 20 46 27 35 13 17 29
19 68 71 76 15 71 48 40 67 56 67 26 1 40 45 34 17 7 48 20 31 21 71 68 31 65 59 81 50 93 69 55 27 56 82 87 41 54 23 51 78 85 46 61 43 42 40 32 72 48 22 42 37 100 2 72 54 25 61 34 21 25 38 26 92 77 78 23 50 64 42 61 34 52 45
28 58 57 69 12 61 37 27 54 48 54 27 15 25 31 22 31 16 41 7 17 8 62 54 27 52 49 67 36 79 61 42 16 43 68 73 41 40 18 44 67 71 43 54 42 41 31 46 67 34 34 28 23 86 13 57 41 11 47 20 33 29 28 33 78 70 64 22 43 50 28 47 26 39 42
21 62 64 71 14 68 44 34 62 50 62 28 8 33 39 29 23 8 46 14 25 16 68 62 26 58 56 75 44 86 64 50 20 51 75 81 38 47 22 50 75 78 42 59 44 39 34 38 72 41 28 35 31 94 5 65 48 19 54 27 27 24 35 27 86 76 71 19 49 57 35 54 32 47 45
93 100 77 119 59 11 32 70 39 100 30 53 74 57 54 45 90 80 27 67 58 60 9 63 90 85 19 61 51 69 110 37 74 35 82 51 105 61 51 23 21 77 105 13 39 105 85 97 17 68 80 60 63 80 74 64 77 61 72 67 76 95 38 99 59 11 84 87 24 76 64 62 40 44 35
40 27 41 35 46 80 56 19 61 15 66 60 43 31 36 45 52 37 69 27 31 34 81 47 14 29 70 62 41 71 28 54 17 56 51 74 24 35 51 71 82 57 19 78 74 23 4 69 94 25 63 29 25 75 40 49 22 30 34 21 63 30 53 37 76 95 45 23 69 33 25 40 55 47 73
92 69 41 90 66 32 34 51 11 75 16 69 79 42 36 46 96 81 50 61 49 57 35 26 77 53 34 19 31 26 82 24 63 23 42 9 92 34 61 48 23 36 88 45 66 91 66 109 59 44 94 42 48 37 77 26 50 54 40 53 91 89 45 95 17 54 46 80 47 43 45 30 52 26 62
54 28 23 46 45 63 42 9 41 28 47 58 50 17 19 36 63 47 58 29 23 31 65 26 32 17 54 41 22 51 37 36 23 39 34 53 45 14 47 59 63 38 40 65 67 44 18 80 82 5 70 13 14 56 47 28 6 26 14 16 69 47 43 54 55 81 29 38 58 15 10 19 47 29 65
53 28 55 17 69 105 82 44 84 15 90 84 63 56 60 71 66 56 94 52 57 58 107 66 31 41 95 80 64 87 16 78 42 81 63 94 25 57 75 96 106 71 17 104 98 23 29 82 120 48 81 53 50 88 60 67 41 55 51 47 82 41 79 46 94 121 56 39 95 49 50 60 80 72 98
22 45 56 49 35 82 57 28 68 30 71 50 28 36 42 43 34 21 65 21 31 28 83 59 4 46 70 74 47 85 43 58 15 60 67 84 17 46 42 68 86 72 19 76 66 17 18 51 91 36 47 36 30 90 25 62 38 27 48 25 48 13 51 20 87 93 62 5 66 48 33 52 50 53 66
17 84 92 86 39 95 73 62 92 69 92 45 25 64 70 59 8 23 70 43 55 46 95 91 43 84 83 106 74 117 81 80 47 81 104 112 44 77 47 74 103 108 52 84 62 46 56 13 93 70 21 65 60 124 26 95 74 50 83 56 25 28 63 23 117 98 99 34 73 85 64 84 58 77 64
13 58 72 58 42 94 69 44 83 42 85 54 29 51 57 55 26 21 74 33 45 39 94 75 18 62 82 90 62 101 53 72 30 74 83 100 16 61 50 77 99 88 24 87 72 18 33 41 99 52 43 51 46 106 27 78 54 40 64 41 44 4 61 5 103 103 77 13 76 64 49 68 59 68 73
100 53 25 73 83 65 59 53 39 65 47 91 92 52 47 65 107 91 78 71 61 71 68 24 78 39 64 15 43 10 66 48 68 49 17 28 90 38 81 77 57 9 83 76 93 88 64 123 91 45 111 50 54 9 90 20 43 66 33 59 109 93 68 100 22 87 24 84 76 33 50 30 75 45 89
92 51 21 72 73 56 49 45 29 61 37 81 83 42 37 55 98 82 68 62 51 61 59 14 71 35 54 6 33 12 64 38 60 38 18 22 84 28 71 66 48 11 78 66 82 82 57 114 82 37 101 40 45 19 81 11 37 57 26 50 99 85 57 92 19 78 23 76 65 27 41 21 64 34 79
25 84 86 90 24 79 58 56 79 71 77 27 15 54 60 45 14 20 52 36 46 36 78 83 45 81 67 95 64 107 84 66 43 67 98 99 52 69 30 57 87 100 59 66 43 54 56 19 74 64 6 57 52 115 18 86 70 40 77 49 7 35 47 33 105 80 93 36 56 79 57 76 41 65 46
84 106 88 123 51 31 37 73 54 102 46 39 64 61 60 44 78 71 21 64 58 57 28 75 87 93 29 78 59 87 114 47 73 46 96 70 101 70 43 19 43 92 103 17 22 102 86 82 9 74 65 65 66 98 65 78 84 59 81 68 61 89 36 91 78 17 96 82 21 85 68 73 35 53 20
50 92 85 104 23 56 42 59 65 83 60 9 32 51 54 34 42 40 28 42 44 36 54 77 61 84 46 86 56 97 96 52 52 53 95 85 73 65 20 32 66 95 77 41 15 74 66 45 46 64 28 55 53 107 34 80 73 41 76 52 24 58 32 58 92 52 93 54 32 79 57 71 25 55 19
40 80 74 91 10 55 36 47 59 71 56 5 21 40 44 25 34 28 29 29 32 24 55 67 49 72 44 78 47 89 84 46 39 47 85 79 61 55 9 33 64 86 65 43 22 62 53 42 52 52 25 44 41 99 22 71 61 29 65 40 21 46 26 48 86 57 82 42 32 68 45 61 19 47 24
40 41 39 55 29 60 35 8 44 34 47 42 33 12 18 24 47 31 48 12 10 15 61 37 24 34 49 52 23 63 47 35 9 37 50 60 39 23 32 49 62 53 38 57 54 39 18 64 73 16 53 12 6 69 31 41 23 10 29 1 52 35 32 42 64 74 46 26 48 31 10 30 34 29 52
37 78 74 89 9 58 38 46 60 69 58 8 17 40 44 26 31 25 32 27 32 23 57 68 46 71 46 79 48 90 82 47 37 48 85 81 58 55 11 36 67 86 62 46 25 59 51 39 55 52 23 44 41 99 19 71 60 28 64 39 19 43 27 44 87 60 82 39 35 68 45 61 21 48 27
8 71 78 75 28 84 61 48 79 57 79 38 13 50 56 46 8 9 61 29 42 33 84 77 30 70 72 92 61 103 69 67 33 68 90 98 35 63 36 64 91 93 42 74 55 37 43 25 85 56 22 51 46 110 13 81 60 36 69 42 24 19 51 16 103 90 85 21 63 71 50 70 47 64 57
63 25 14 46 53 64 45 17 40 30 47 65 58 23 22 41 72 55 63 37 30 39 67 20 40 11 57 35 24 44 37 38 31 40 25 48 52 13 54 63 62 30 46 68 73 50 25 88 85 10 78 19 21 48 55 22 5 34 6 24 77 55 48 62 49 84 21 46 62 6 17 15 53 31 71
67 89 74 106 34 29 23 56 44 85 38 25 48 44 44 27 63 55 4 46 41 39 28 62 69 77 21 67 44 78 97 34 55 33 82 63 84 54 26 6 40 80 85 15 13 84 68 70 24 57 53 48 49 89 49 65 67 42 66 51 49 72 19 74 71 28 82 65 7 70 51 58 17 39 8
11 57 66 61 30 82 58 36 73 43 74 43 19 41 48 43 22 11 62 22 35 28 83 67 16 57 71 82 53 93 55 62 22 63 78 90 23 53 38 65 88 82 29 75 60 25 30 39 88 45 36 42 37 99 16 71 48 29 57 32 36 8 50 12 94 91 72 7 64 59 40 60 47 57 61
93 99 76 118 59 10 31 69 38 99 29 53 74 57 53 45 90 80 27 67 57 60 8 62 89 84 18 60 50 68 109 36 74 34 81 50 105 60 51 23 20 77 104 13 39 104 84 98 18 67 81 60 63 79 74 64 76 61 71 66 77 95 37 99 58 12 83 87 24 75 63 61 40 43 35
46 85 77 97 16 52 35 51 58 76 54 1 27 43 46 27 40 34 25 34 36 29 51 69 55 76 41 79 49 90 89 46 44 46 87 79 67 57 12 29 62 88 71 39 16 68 59 46 47 56 29 47 45 100 29 72 65 33 68 44 25 53 25 54 86 52 85 48 28 71 49 63 18 47 18
44 25 35 37 45 75 52 14 56 16 61 59 44 27 31 42 55 40 65 26 28 32 77 41 19 24 65 56 35 65 29 49 17 51 46 68 30 29 49 67 76 51 25 74 72 29 4 72 91 19 65 24 21 69 41 43 17 28 28 18 64 35 50 42 70 91 40 27 66 27 20 34 52 42 70
44 79 71 91 11 50 31 45 54 70 51 5 24 37 41 21 39 31 24 29 30 23 49 63 50 70 39 74 43 85 83 41 38 42 81 74 63 51 6 28 59 82 66 38 19 64 53 47 48 50 30 41 39 94 25 67 59 27 62 38 27 49 21 51 81 53 79 44 27 65 43 58 14 42 20
15 79 85 83 30 86 64 54 83 65 83 36 16 55 61 49 2 16 61 35 47 37 86 83 38 78 74 97 66 108 77 71 40 72 97 103 43 69 37 65 94 100 50 75 54 45 51 17 84 63 16 57 52 116 17 87 68 41 76 48 18 26 54 23 108 89 92 29 64 78 57 76 49 69 56
64 82 67 99 30 28 16 49 38 78 32 25 45 37 37 20 61 51 4 40 34 33 27 55 64 70 17 61 36 72 90 27 49 27 75 58 78 47 22 6 38 73 79 16 17 79 62 69 29 50 52 41 42 82 46 58 60 35 58 44 49 67 12 70 65 32 75 60 5 63 44 51 12 32 14
60 46 29 65 39 44 24 18 24 47 29 48 49 9 3 22 65 49 41 29 17 27 46 21 44 32 35 33 3 45 56 17 30 19 39 40 59 9 37 42 44 39 56 46 53 58 34 80 63 14 67 9 14 53 47 24 23 23 20 19 65 56 27 62 44 63 37 46 40 25 12 15 33 10 50
39 28 40 38 43 77 54 16 59 17 64 58 41 29 34 42 50 36 66 25 28 31 79 45 14 29 67 61 38 70 30 51 15 53 51 72 26 33 48 68 79 56 21 75 71 24 1 67 91 23 61 26 22 74 38 48 21 27 32 19 61 30 50 37 74 93 45 22 66 32 23 38 52 45 70
76 12 22 31 74 86 68 37 60 28 68 87 76 46 46 65 87 72 86 56 52 60 89 36 50 13 79 47 47 51 24 60 48 62 25 63 57 36 76 87 83 33 48 91 96 54 36 104 108 33 97 42 43 50 73 36 23 55 25 44 96 66 71 73 60 107 18 59 85 21 39 35 76 53 94
17 70 73 77 18 74 51 43 70 57 70 28 3 42 48 37 14 6 50 23 34 24 74 71 31 67 62 84 53 96 70 58 29 59 85 90 40 57 26 54 82 88 46 64 46 42 41 29 75 50 20 45 40 103 4 74 56 28 64 36 20 24 41 24 95 80 80 23 53 66 44 64 37 56 47
79 32 2 53 67 66 52 33 39 42 47 78 74 35 32 52 88 71 71 52 44 53 68 14 56 16 61 24 31 30 45 42 48 43 9 40 67 21 67 70 61 14 60 73 83 65 41 104 90 25 93 32 36 32 71 13 21 48 12 39 92 71 57 78 38 87 7 62 69 10 31 16 63 36 80
50 75 64 90 16 41 21 41 44 69 41 14 31 31 33 13 47 37 17 28 25 21 40 55 51 65 29 64 35 76 81 31 38 32 74 64 65 44 8 20 49 74 67 30 19 66 51 57 42 44 40 35 34 85 31 59 54 25 55 35 37 53 11 56 71 46 72 47 19 59 38 50 4 33 18
53 31 59 19 71 108 85 47 88 19 94 86 64 60 64 74 66 57 97 54 60 61 110 70 33 45 98 84 68 91 20 82 45 84 67 98 25 61 77 99 109 75 17 107 101 23 32 82 123 51 82 57 54 92 61 71 45 58 55 50 83 41 81 46 98 124 60 40 98 53 53 64 83 75 100
89 104 83 122 55 21 34 72 47 102 38 46 70 59 57 44 84 76 22 66 58 59 18 70 89 90 23 70 55 79 113 42 74 40 90 61 104 66 47 19 32 86 105 11 30 104 86 90 6 71 73 63 65 90 70 72 81 60 77 68 69 92 37 96 69 7 91 85 21 81 67 68 37 49 27
100 77 48 98 73 33 40 59 18 83 21 75 86 50 44 52 103 88 54 69 56 65 36 34 85 60 37 23 38 28 89 31 71 30 47 9 100 42 67 51 22 40 96 47 70 99 74 116 60 52 100 50 55 38 85 33 57 62 47 61 97 97 50 103 16 54 52 87 51 51 53 38 57 34 66
80 18 18 37 76 83 67 38 57 33 65 88 79 46 45 64 90 75 85 58 53 61 86 33 54 13 77 42 46 45 30 58 51 60 19 58 62 35 77 85 79 28 54 89 96 60 40 107 106 33 99 42 44 44 76 32 24 56 23 46 98 70 70 77 55 104 13 62 84 19 40 32 76 51 94
68 87 71 104 34 27 20 54 41 83 34 26 49 42 41 25 64 55 1 45 39 38 25 59 68 75 18 64 41 75 95 31 54 30 79 60 83 52 26 4 38 77 84 13 16 83 67 71 25 55 54 46 47 85 49 62 65 40 63 49 50 71 17 74 68 28 79 64 4 67 49 56 16 36 11
19 48 60 52 35 83 58 31 70 34 73 49 26 38 45 44 31 19 65 22 33 29 84 62 7 50 71 77 50 88 46 60 17 62 71 87 17 48 42 68 87 76 21 77 65 18 21 48 91 39 44 38 33 93 23 65 41 28 51 28 45 9 51 16 90 94 65 2 67 52 36 55 50 55 65
39 28 47 31 51 88 64 27 69 13 74 65 46 39 44 52 52 39 76 33 39 40 89 54 14 34 78 70 49 78 25 62 23 64 57 82 18 43 56 78 90 64 11 86 80 16 12 68 101 33 65 37 33 82 43 57 30 37 41 29 65 28 60 34 83 103 51 23 77 40 34 48 62 56 79
90 89 65 109 58 2 25 61 26 90 17 54 72 49 44 40 89 77 29 62 51 55 5 50 83 74 13 48 41 56 100 27 68 24 69 38 99 50 50 25 9 65 97 18 44 98 76 99 29 58 82 51 55 67 72 52 67 55 60 59 78 91 34 95 46 24 72 82 26 65 55 50 39 34 40
83 81 57 100 52 9 18 53 19 82 10 50 66 40 36 33 83 70 27 54 43 48 12 42 75 65 9 42 32 51 91 18 60 16 62 34 91 42 45 24 12 58 89 19 43 90 68 94 34 49 77 43 47 62 66 44 58 47 52 51 74 83 28 88 42 31 64 75 23 56 47 42 34 25 38
64 40 21 60 46 49 31 18 26 43 32 56 55 14 10 30 70 54 49 34 23 33 52 14 45 25 42 29 9 39 51 23 32 25 31 38 59 1 45 49 48 32 55 53 61 58 33 86 70 11 73 12 17 47 52 18 18 28 13 22 71 58 35 65 41 69 29 49 48 17 13 7 41 16 58
92 61 31 82 69 43 40 47 17 69 25 74 80 41 34 49 97 81 58 61 49 58 46 18 74 44 42 8 30 16 73 29 61 29 31 10 88 30 65 56 35 25 83 54 73 87 61 111 69 39 97 40 45 27 78 17 43 54 32 50 94 87 49 93 13 65 36 77 55 35 42 24 57 28 69
78 44 16 65 59 50 38 32 23 51 31 68 69 28 23 42 84 68 57 48 37 47 53 1 58 28 46 15 20 25 57 27 46 28 21 27 72 14 57 56 45 19 66 58 71 70 45 100 74 23 87 26 31 33 66 4 26 42 15 36 85 72 45 79 28 72 23 63 55 18 27 8 52 22 67
49 17 37 26 55 85 62 24 64 6 70 70 53 37 40 53 61 47 76 37 39 43 87 46 23 24 75 61 44 69 18 58 27 61 47 74 29 37 60 78 85 53 21 85 82 27 12 78 101 27 73 34 31 71 50 48 21 38 32 29 73 38 60 45 75 102 40 32 77 30 30 40 63 51 81
96 112 92 130 62 28 43 81 55 110 46 52 76 68 66 53 90 83 30 74 67 67 25 78 97 98 31 78 64 86 121 51 82 49 98 68 112 74 54 27 38 94 113 20 35 112 94 95 4 80 78 72 74 97 77 80 90 69 85 76 74 100 45 103 76 6 99 93 29 90 75 76 45 57 32
77 16 16 36 72 82 65 35 55 31 63 85 76 43 42 62 87 72 83 55 50 58 84 31 51 10 75 42 43 46 29 56 48 58 20 57 59 32 74 83 78 28 51 87 93 57 37 104 104 30 96 39 41 45 73 31 21 53 21 42 95 67 68 74 55 102 13 59 82 17 37 30 73 49 91
30 41 60 39 50 95 71 37 79 25 83 65 42 48 53 57 43 34 79 36 45 43 96 66 13 48 84 82 58 91 35 70 28 73 71 93 4 54 57 82 98 77 6 91 81 3 22 59 105 44 59 46 41 95 39 69 42 41 53 37 60 18 65 23 96 108 64 18 81 53 43 60 65 65 81
94 88 62 108 63 9 29 62 23 91 16 60 77 50 45 44 94 81 36 65 54 59 12 48 86 72 19 44 41 51 99 28 70 25 66 32 101 50 55 32 2 60 99 25 51 101 78 104 36 58 88 53 57 62 77 49 66 58 59 61 84 94 39 99 40 30 69 85 32 63 56 49 44 34 47
97 50 22 70 81 65 58 50 38 62 46 89 89 49 44 63 105 88 77 69 58 68 67 21 75 36 63 15 41 12 63 47 65 47 14 29 87 35 79 75 57 6 80 75 91 85 61 121 91 42 108 47 52 13 87 17 40 63 30 56 106 90 66 97 23 87 21 81 74 30 47 28 73 43 87
74 74 52 93 43 17 9 44 17 74 11 43 58 32 28 24 75 62 23 45 34 39 19 38 66 59 9 41 25 51 84 11 51 9 58 37 82 35 37 21 21 55 80 21 38 81 59 86 37 42 70 35 38 62 57 41 51 38 46 42 66 74 20 79 44 36 59 65 20 50 38 37 26 18 34
103 69 39 90 79 47 49 58 26 78 32 84 91 52 46 59 108 92 66 72 60 69 50 28 85 53 49 13 41 13 82 38 72 38 36 7 99 41 75 63 37 28 94 60 81 97 72 122 74 50 108 51 56 23 89 26 53 66 42 61 105 98 59 105 1 69 42 89 63 44 53 35 66 38 77
63 31 15 51 50 59 40 16 34 35 41 62 57 19 17 37 71 55 58 36 27 36 61 16 42 16 51 32 18 41 42 32 31 34 26 44 55 8 50 58 57 30 49 62 68 53 28 87 79 8 76 15 19 47 54 19 9 31 5 22 75 56 43 63 45 78 23 47 57 9 14 10 48 25 66
61 64 46 81 31 31 6 32 23 62 22 35 45 19 17 11 62 48 24 31 20 25 32 35 52 50 20 43 16 55 72 11 37 12 55 44 68 27 26 24 35 54 67 29 36 67 46 74 46 31 59 23 25 64 44 38 41 24 38 29 56 60 11 65 50 46 54 51 22 43 26 31 18 12 33
63 97 85 111 32 45 36 63 59 90 53 18 44 53 54 34 56 51 19 49 47 42 43 75 70 86 36 82 55 92 102 48 58 47 94 78 83 65 25 22 56 93 87 29 3 84 72 59 32 66 42 57 56 103 45 78 76 46 76 57 38 69 29 70 86 39 93 64 22 80 59 70 23 52 7
57 26 20 45 49 65 44 12 42 28 48 61 53 20 21 38 66 50 60 32 26 34 67 24 34 14 56 40 23 49 36 38 26 40 31 52 47 14 50 61 64 36 41 67 70 45 20 83 83 7 73 16 17 53 50 27 3 29 11 19 72 49 45 56 53 83 26 40 60 12 13 18 49 30 68
80 78 55 97 49 12 15 50 17 79 9 48 64 37 33 30 81 67 26 51 40 45 14 40 72 62 9 41 29 50 88 15 57 13 60 34 88 39 42 23 15 56 86 20 42 87 65 91 36 46 75 40 43 61 63 42 55 44 49 48 72 80 25 85 42 33 62 71 22 54 43 40 31 22 37
43 70 62 84 10 46 25 37 46 63 44 14 25 28 31 12 42 30 23 22 21 15 46 54 45 61 34 65 34 76 76 33 32 34 72 67 59 42 4 27 54 73 61 37 25 59 46 52 49 41 37 32 30 86 25 58 50 19 52 30 33 47 14 50 73 53 70 40 26 56 34 48 9 34 24
27 52 54 62 19 65 40 23 55 41 56 34 18 24 30 26 33 16 47 4 17 10 66 52 21 47 53 66 35 77 55 43 10 45 65 73 35 38 25 50 70 68 37 59 48 35 24 49 73 31 39 26 21 84 16 55 37 11 44 16 38 25 33 30 77 76 60 17 48 46 25 45 32 40 48
82 32 5 53 70 68 55 36 41 44 49 81 77 39 35 55 91 74 73 56 47 56 71 17 59 17 63 25 34 29 45 44 50 46 6 40 69 24 70 73 63 12 62 75 86 68 44 107 92 28 97 35 39 30 74 15 23 51 15 42 95 74 60 81 38 90 5 65 72 13 34 19 66 38 83
37 30 44 38 43 81 56 20 63 17 67 58 40 32 37 45 48 34 68 26 31 32 82 49 11 33 70 65 42 74 30 55 16 57 55 76 22 37 49 70 83 60 17 78 72 20 5 65 94 27 60 30 26 78 37 52 25 29 36 21 60 26 52 33 78 95 48 19 69 36 26 43 54 49 71
50 30 27 47 41 63 40 4 42 28 48 54 45 15 18 33 59 42 56 24 19 27 64 29 29 21 53 44 22 54 38 36 18 38 38 55 42 16 43 57 63 43 38 63 64 41 16 75 80 6 66 11 10 60 42 32 10 22 18 11 64 43 40 50 57 80 34 34 55 19 8 22 44 29 62
99 57 28 78 80 57 54 53 32 68 40 87 90 50 44 61 106 89 72 70 58 68 60 22 79 42 57 9 40 4 70 42 67 43 22 20 91 36 77 70 49 14 85 69 87 90 65 121 84 44 108 48 53 13 88 18 45 64 34 57 105 93 63 100 14 80 29 84 69 35 49 29 70 40 83
95 60 30 81 73 47 45 50 23 69 30 79 84 44 38 53 100 84 63 64 52 62 50 19 76 44 47 4 33 11 73 34 64 34 28 11 90 32 69 61 39 21 85 59 78 88 63 115 74 41 101 43 48 22 82 17 44 58 33 53 98 90 54 96 10 70 34 80 60 35 45 26 61 32 74
92 99 77 118 58 11 31 69 38 99 30 52 73 56 53 44 89 79 26 66 57 59 8 62 89 84 18 61 50 69 109 36 73 34 82 51 104 60 50 22 21 77 104 12 38 104 84 97 16 67 79 60 62 80 73 64 76 60 71 66 76 94 37 98 59 11 84 86 23 75 63 62 39 43 34
93 99 76 118 59 10 31 69 38 99 29 53 74 57 53 45 90 80 27 67 57 60 8 62 89 84 18 60 50 68 109 36 74 34 81 50 105 60 51 23 20 77 104 13 39 104 84 98 18 67 81 60 63 79 74 64 76 61 71 66 77 95 37 99 58 12 83 87 24 75 63 61 40 43 35
77 13 21 32 74 86 68 37 59 29 67 87 76 46 46 64 87 72 86 57 52 60 88 35 51 12 79 46 47 50 25 60 49 62 24 62 57 36 76 86 82 32 49 90 96 55 37 104 107 33 97 42 43 49 73 35 23 55 25 44 96 66 71 73 59 106 17 59 85 20 39 34 76 53 94
13 79 87 82 35 91 68 57 87 65 87 42 20 59 65 54 3 18 66 38 50 41 90 86 39 79 79 101 69 112 77 75 42 76 99 107 41 72 42 70 98 103 49 80 59 43 52 16 89 65 20 60 55 119 21 90 70 45 78 51 23 25 58 20 112 95 94 30 69 80 59 79 53 72 61
91 80 53 100 61 17 27 56 14 83 9 62 76 44 39 42 93 79 39 61 49 56 20 38 80 63 21 34 34 41 91 22 65 20 56 23 96 42 55 36 9 51 93 31 55 95 71 104 44 51 88 46 51 52 75 39 58 54 50 55 85 90 38 95 31 39 59 81 36 54 49 40 44 27 51
70 98 83 113 38 35 32 64 53 92 46 26 51 53 53 34 65 58 13 52 48 45 33 71 75 86 29 76 53 87 104 43 62 42 91 71 89 63 30 15 47 89 91 20 9 89 75 69 22 66 52 57 57 97 52 74 76 49 75 58 48 76 28 78 79 28 91 70 15 79 60 67 24 48 7
100 77 48 98 72 32 39 59 18 83 20 74 85 50 43 52 102 88 53 69 56 64 35 34 85 60 36 24 38 28 89 30 71 29 48 9 100 42 67 50 21 41 96 46 69 99 74 115 59 52 100 50 55 39 84 34 58 62 48 60 97 97 50 103 17 53 53 87 50 51 53 38 57 33 65
97 54 25 75 78 58 53 50 32 65 40 85 88 47 42 60 103 87 71 67 56 66 61 19 76 39 57 8 38 7 67 41 65 42 20 21 89 33 75 70 50 12 82 69 86 87 62 119 84 42 106 45 50 14 86 16 42 62 31 55 104 90 61 97 17 80 26 81 69 32 46 26 69 38 82
71 46 22 66 51 45 30 26 19 50 27 59 61 21 15 33 77 61 49 41 29 39 47 9 53 30 39 21 11 33 57 20 40 22 29 30 67 9 49 49 42 28 63 51 62 66 41 92 68 19 79 19 25 41 59 13 25 35 16 30 77 66 36 73 33 66 29 57 47 21 21 6 43 14 59
91 43 15 64 76 65 55 44 37 55 46 85 84 44 39 59 98 82 74 63 52 62 67 16 68 28 62 16 37 18 56 44 59 45 8 32 80 29 74 73 58 2 73 74 88 78 54 114 90 35 103 41 46 20 81 13 33 58 23 50 101 83 62 90 28 87 14 74 72 22 41 22 69 39 84
89 103 82 121 56 19 33 71 45 101 36 47 70 59 56 44 85 76 23 66 58 59 16 68 89 89 21 68 54 77 112 41 74 39 88 59 104 65 47 19 30 84 104 11 32 104 85 91 8 70 74 62 64 88 71 70 80 60 76 67 70 93 36 96 67 7 89 85 21 80 66 67 37 48 28
41 60 53 74 14 48 24 26 42 53 42 24 25 19 23 9 43 28 30 14 11 7 49 46 37 51 36 58 26 70 66 30 23 31 63 62 52 33 13 33 54 64 53 42 34 52 36 56 56 31 42 22 20 78 24 50 40 9 43 20 39 42 16 46 67 59 60 34 31 47 24 40 16 28 33
35 85 83 95 17 66 47 54 69 74 67 13 18 49 53 35 27 26 39 34 40 31 65 77 50 79 55 88 57 99 87 57 43 57 93 90 60 64 20 43 75 95 65 53 29 61 57 32 60 60 15 52 49 108 21 80 68 36 73 47 11 44 36 44 96 66 90 42 42 76 53 70 30 57 32
59 20 19 39 53 70 50 16 47 23 53 66 56 26 27 44 69 53 66 36 31 39 72 27 35 9 62 42 29 50 30 43 29 45 30 55 46 19 55 67 69 36 39 72 75 44 20 85 89 13 77 22 22 54 53 29 3 34 13 23 76 50 51 57 56 89 24 42 66 12 19 22 55 36 73
38 68 62 81 5 51 29 35 49 60 48 15 20 28 32 15 37 25 28 18 20 12 51 55 40 60 39 67 36 78 73 37 28 38 73 70 54 43 5 32 59 74 57 42 28 55 43 48 54 40 33 32 29 87 20 59 49 17 52 28 30 42 18 45 76 58 70 35 31 56 33 49 14 36 28
57 21 49 12 70 102 79 41 80 11 86 85 65 54 57 70 70 59 93 52 55 58 104 60 33 35 92 75 61 81 9 75 42 77 56 89 31 53 75 95 102 64 22 102 98 28 28 86 118 44 84 51 48 82 62 62 36 55 46 45 85 45 77 51 89 119 49 42 93 44 47 56 79 68 97
98 71 42 92 72 37 40 55 18 78 22 76 85 47 41 52 102 86 56 67 54 63 40 28 82 54 40 17 36 22 83 30 68 30 41 3 96 38 67 54 27 34 92 50 72 95 70 115 64 48 100 47 52 32 83 27 53 60 42 57 97 94 51 100 11 59 46 85 53 45 50 33 58 32 68
93 54 25 75 73 52 47 47 26 64 34 80 83 43 37 54 99 83 65 63 51 61 55 15 73 38 51 2 33 11 67 35 61 36 22 18 86 29 70 64 44 15 80 63 80 84 59 114 79 38 101 41 46 20 81 12 39 57 28 51 98 87 56 93 15 75 27 77 63 30 42 22 63 33 76
879
1 5
1 29
1 34
1 40
1 45
1 60
1 69
1 74
1 91
1 121
1 126
1 131
1 163
1 165
2 6
2 15
2 16
2 27
2 29
2 75
2 77
2 87
2 96
2 112
2 115
2 123
2 131
2 146
2 167
3 7
3 8
3 20
3 22
3 24
3 32
3 34
3 47
3 52
3 70
3 114
3 117
3 124
3 129
3 131
3 132
3 138
3 165
4 32
4 65
4 85
5 55
5 81
5 122
5 124
5 147
5 165
5 166
6 15
6 36
6 65
6 78
6 85
6 90
6 98
6 103
6 109
6 130
6 157
7 8
7 38
7 57
7 59
7 72
7 82
7 86
7 90
7 94
7 114
7 117
7 118
7 125
7 139
7 142
7 161
8 24
8 28
8 42
8 72
8 82
8 83
8 86
8 142
9 14
9 15
9 16
9 27
9 28
9 52
9 73
9 92
9 95
9 109
9 117
9 131
9 145
10 26
10 28
10 52
10 59
10 71
10 74
10 79
10 83
10 85
10 91
10 93
10 98
10 138
10 170
11 19
11 23
11 40
12 61
12 164
13 31
13 37
13 47
13 108
13 148
13 156
13 159
14 30
14 56
14 59
14 83
14 85
14 86
14 90
14 94
14 117
14 129
14 169
15 29
15 33
15 34
15 47
15 53
15 59
15 63
15 73
15 77
15 91
15 102
15 105
15 110
15 139
15 153
15 163
16 19
16 39
16 40
16 87
16 92
16 95
16 102
16 126
16 129
17 25
17 47
17 52
17 73
17 74
17 79
17 99
17 102
17 114
17 124
17 137
17 164
17 170
18 30
18 35
18 38
18 82
18 83
18 117
18 118
18 129
18 161
19 27
19 32
19 44
19 58
19 73
19 77
19 85
19 99
19 103
19 104
19 112
19 120
19 163
20 27
20 41
20 44
20 94
20 103
21 35
21 60
21 91
21 99
21 106
21 139
21 144
21 160
22 29
22 34
22 52
22 60
22 74
22 101
22 105
22 120
22 131
22 154
22 163
23 59
23 71
23 74
23 83
23 85
23 101
23 105
23 120
23 124
23 152
23 153
23 154
24 27
24 40
24 75
24 78
24 120
24 163
25 52
25 58
25 59
25 70
25 74
25 83
25 91
25 97
25 99
25 135
25 137
25 138
25 142
25 160
25 170
26 45
26 60
26 63
26 77
26 99
26 102
26 105
26 110
26 166
27 40
27 41
27 63
27 69
27 82
27 92
27 96
27 110
27 123
27 129
27 167
28 45
28 63
28 73
28 99
28 102
28 109
28 110
28 126
28 131
28 141
28 151
28 163
29 53
29 60
29 64
29 97
29 108
29 113
29 124
29 133
29 138
29 150
29 152
29 154
29 164
30 35
30 47
30 56
30 71
30 138
30 142
31 50
31 67
31 107
31 138
31 142
31 156
32 33
32 43
32 68
32 150
32 154
32 160
33 34
33 77
33 104
33 117
33 123
33 141
33 163
33 167
34 38
34 44
34 50
34 52
34 75
34 82
34 92
34 100
34 117
34 121
34 141
34 157
34 165
35 107
35 111
35 140
36 63
36 73
36 87
36 91
36 100
36 103
36 135
37 38
37 47
37 52
37 60
37 98
37 106
37 113
37 114
37 121
37 150
37 153
37 166
37 172
38 52
38 70
38 71
38 98
38 101
38 106
38 153
39 40
39 66
39 73
39 77
39 95
39 104
39 109
39 110
39 112
39 126
39 132
40 42
40 65
40 67
40 72
40 82
40 83
40 118
40 119
41 65
41 74
41 82
41 83
41 86
41 94
41 96
41 117
41 157
42 90
42 116
42 128
42 161
43 56
43 65
43 67
43 116
43 118
44 53
44 63
44 69
44 79
44 86
44 91
44 95
44 98
44 104
44 109
44 110
44 112
44 123
44 169
45 55
45 63
45 71
45 73
45 93
45 124
45 131
45 135
45 136
45 147
45 151
45 165
46 137
46 147
47 78
47 92
47 109
47 123
47 163
48 50
48 79
48 97
48 113
48 121
48 131
48 135
48 138
48 147
48 156
49 50
49 57
49 59
49 116
49 125
49 156
49 161
49 168
50 69
50 95
50 126
50 132
51 68
51 81
51 121
51 143
51 147
51 150
51 152
52 56
52 82
52 90
52 94
52 96
52 128
52 130
53 74
53 79
53 92
53 109
53 110
53 162
53 167
54 116
54 119
55 60
55 74
55 83
55 95
55 99
55 101
55 102
55 104
55 109
55 121
55 129
55 131
55 153
56 88
56 92
56 99
56 132
56 151
56 158
57 62
57 105
57 122
57 137
57 166
58 63
58 66
58 95
58 103
58 126
59 73
59 74
59 77
59 92
59 95
59 110
59 117
59 124
59 135
59 141
59 165
60 68
60 121
60 122
60 137
60 158
60 166
61 64
61 81
61 105
61 113
62 70
62 72
62 86
62 153
62 168
63 67
63 70
63 97
63 99
63 105
63 124
63 144
63 168
64 97
64 149
64 155
64 171
65 99
65 102
65 135
65 141
66 83
66 86
66 91
66 93
66 106
66 113
66 114
66 116
66 125
67 81
67 88
67 98
67 102
67 113
67 132
67 135
67 136
67 172
68 70
68 107
68 140
68 144
68 154
68 159
68 160
68 171
69 78
69 85
69 91
69 96
69 98
69 142
69 157
69 161
70 75
70 87
70 100
70 115
70 167
71 105
71 113
71 133
71 136
71 152
71 153
72 140
72 168
72 171
73 106
73 147
73 148
73 171
73 172
74 81
74 136
74 143
74 154
74 158
75 104
75 110
75 135
75 151
75 164
75 166
76 121
76 122
76 124
76 127
76 133
76 164
76 165
76 166
76 172
77 79
77 101
77 106
77 124
77 137
77 138
77 143
77 154
77 165
78 91
78 98
78 137
78 138
78 147
78 159
78 165
78 170
79 144
79 148
79 154
79 159
80 101
80 105
80 147
80 148
80 149
80 156
80 159
81 83
81 96
81 117
81 141
81 169
82 88
82 132
82 136
82 143
83 111
83 113
83 124
83 147
83 149
84 147
84 148
84 155
84 168
84 171
85 106
85 114
85 162
86 157
87 91
87 92
87 110
87 121
87 129
87 131
87 141
87 145
88 93
88 147
88 165
89 91
89 99
89 101
89 104
89 131
89 163
90 105
90 122
90 143
91 92
91 109
91 112
91 115
91 167
92 99
92 113
92 139
92 140
92 142
92 172
93 103
93 117
93 129
93 169
94 98
94 99
94 107
94 114
94 124
94 154
94 156
94 168
95 144
95 149
95 155
95 156
96 99
96 108
96 121
96 133
96 152
96 154
96 160
96 164
96 172
97 122
97 133
97 136
98 121
99 116
100 130
100 142
100 157
100 161
101 150
101 164
102 115
102 123
102 126
103 126
104 136
104 151
104 166
105 114
105 121
105 124
105 137
105 147
105 152
105 153
105 164
105 168
105 172
106 112
106 121
106 136
106 143
106 151
106 158
107 152
107 165
108 113
108 116
108 139
108 144
109 112
109 120
109 135
109 146
110 121
110 137
110 143
110 152
110 160
110 164
111 123
112 115
113 125
113 147
113 168
113 172
114 131
114 135
114 165
115 127
115 137
115 166
116 120
116 132
116 135
116 146
117 120
117 131
117 139
117 142
117 163
118 140
118 147
118 165
119 125
119 142
119 155
120 127
120 150
120 151
120 166
121 125
122 143
122 152
122 163
122 164
122 165
123 140
123 156
125 130
125 157
126 161
126 170
128 143
128 147
128 160
128 166
128 168
129 144
129 155
129 168
131 134
131 135
131 167
132 157
133 145
133 162
133 169
135 153
135 154
135 168
135 172
138 140
138 150
138 156
141 157
142 161
142 162
142 169
143 145
143 156
143 161
143 168
143 170
144 145
144 163
144 165
146 155
146 168
147 163
147 167
148 152
149 150
149 164
149 172
154 157
159 162
161 169
162 169
170 171
